INPUT FILE:  trace/mobilenet_v2/input_6_flat.npy
ENCODED: 52940.968750
ENCODED: 52791.390625
5 0 130 65 13 0.0014444444444444444
4 32 749 484 121 0.013444444444444445
4 48 4028 6548 1637 0.18188888888888888
4 64 4733 14964 3741 0.4156666666666667
4 80 4728 11516 2879 0.3198888888888889
3 96 1947 1359 453 0.050333333333333334
3 104 736 357 119 0.013222222222222222
4 112 296 148 37 0.004111111111111111
4 128 0 0 0 0.0
4 144 0 0 0 0.0
4 160 0 0 0 0.0
4 176 0 0 0 0.0
4 192 0 0 0 0.0
4 208 0 0 0 0.0
4 224 0 0 0 0.0
4 240 0 0 0 0.0
[[0, 5, 130, 65, 13], [32, 4, 749, 484, 121], [48, 4, 4028, 6548, 1637], [64, 4, 4733, 14964, 3741], [80, 4, 4728, 11516, 2879], [96, 3, 1947, 1359, 453], [104, 3, 736, 357, 119], [112, 4, 296, 148, 37], [128, 4, 0, 0, 0], [144, 4, 0, 0, 0], [160, 4, 0, 0, 0], [176, 4, 0, 0, 0], [192, 4, 0, 0, 0], [208, 4, 0, 0, 0], [224, 4, 0, 0, 0], [240, 4, 0, 0, 0]]
[0, 5, 130, 65, 13]
[32, 4, 749, 484, 121]
[48, 4, 4028, 6548, 1637]
[64, 4, 4733, 14964, 3741]
[80, 4, 4728, 11516, 2879]
[96, 3, 1947, 1359, 453]
[104, 3, 736, 357, 119]
[112, 4, 296, 148, 37]
[128, 4, 0, 0, 0]
[144, 4, 0, 0, 0]
[160, 4, 0, 0, 0]
[176, 4, 0, 0, 0]
[192, 4, 0, 0, 0]
[208, 4, 0, 0, 0]
[224, 4, 0, 0, 0]
[240, 4, 0, 0, 0]
COMPSTATS:  72000  (in_bits)  52788  (apack_bits)  0.7331666666666666  (comp_ratio)  5.865333333333333  (bits_per_value)  17347  (symbol bits)  35441  (offset bits)  0.002912705997005105  (search time) 
