INPUT FILE:  trace/mobilenet_v2/input_1_flat.npy
ENCODED: 10459462.000000
ENCODED: 10415148.000000
0 0 135100 0 23173 0.017104975670823884
5 1 271428 303175 60635 0.0447572692271353
4 32 275332 246028 61507 0.045400929469009824
4 48 351089 356988 89247 0.06587700184240362
4 64 417012 473304 118326 0.08734144699546485
4 80 462164 567328 141832 0.10469222411186697
4 96 490916 632384 158096 0.11669737339380197
4 112 491912 638612 159653 0.11784666123393801
4 128 473277 592960 148240 0.10942224111866969
4 144 431409 503080 125770 0.09283617961073318
4 160 372061 392620 98155 0.07245237504724111
4 176 299417 280348 70087 0.051734191940665156
4 192 222031 180788 45197 0.03336182563303099
4 208 152472 108760 27190 0.020070094009826154
4 224 96963 59300 14825 0.010942962254346184
4 240 85606 51276 12819 0.009462248441043083
[[0, 0, 135100, 0, 23173], [1, 5, 271428, 303175, 60635], [32, 4, 275332, 246028, 61507], [48, 4, 351089, 356988, 89247], [64, 4, 417012, 473304, 118326], [80, 4, 462164, 567328, 141832], [96, 4, 490916, 632384, 158096], [112, 4, 491912, 638612, 159653], [128, 4, 473277, 592960, 148240], [144, 4, 431409, 503080, 125770], [160, 4, 372061, 392620, 98155], [176, 4, 299417, 280348, 70087], [192, 4, 222031, 180788, 45197], [208, 4, 152472, 108760, 27190], [224, 4, 96963, 59300, 14825], [240, 4, 85606, 51276, 12819]]
[0, 0, 135100, 0, 23173]
[1, 5, 271428, 303175, 60635]
[32, 4, 275332, 246028, 61507]
[48, 4, 351089, 356988, 89247]
[64, 4, 417012, 473304, 118326]
[80, 4, 462164, 567328, 141832]
[96, 4, 490916, 632384, 158096]
[112, 4, 491912, 638612, 159653]
[128, 4, 473277, 592960, 148240]
[144, 4, 431409, 503080, 125770]
[160, 4, 372061, 392620, 98155]
[176, 4, 299417, 280348, 70087]
[192, 4, 222031, 180788, 45197]
[208, 4, 152472, 108760, 27190]
[224, 4, 96963, 59300, 14825]
[240, 4, 85606, 51276, 12819]
COMPSTATS:  10838016  (in_bits)  10415140  (apack_bits)  0.9609821576199924  (comp_ratio)  7.687857260959939  (bits_per_value)  5028189  (symbol bits)  5386951  (offset bits)  0.2987752500048373  (search time) 
