INPUT FILE:  trace/mobilenet_v2/input_4_flat.npy
ENCODED: 51622.230469
ENCODED: 37909.949219
ENCODED: 37909.949219
ENCODED: 37909.949219
0 0 5407 0 6436 0.5586805555555555
5 1 6048 24485 4897 0.42508680555555556
4 32 1011 664 166 0.014409722222222223
4 48 130 52 13 0.0011284722222222221
4 64 80 32 8 0.0006944444444444445
4 80 0 0 0 0.0
4 96 0 0 0 0.0
4 112 0 0 0 0.0
4 128 0 0 0 0.0
4 144 0 0 0 0.0
4 160 0 0 0 0.0
4 176 0 0 0 0.0
4 192 0 0 0 0.0
4 208 0 0 0 0.0
4 224 0 0 0 0.0
4 240 0 0 0 0.0
[[0, 0, 5407, 0, 6436], [1, 5, 6048, 24485, 4897], [32, 4, 1011, 664, 166], [48, 4, 130, 52, 13], [64, 4, 80, 32, 8], [80, 4, 0, 0, 0], [96, 4, 0, 0, 0], [112, 4, 0, 0, 0], [128, 4, 0, 0, 0], [144, 4, 0, 0, 0], [160, 4, 0, 0, 0], [176, 4, 0, 0, 0], [192, 4, 0, 0, 0], [208, 4, 0, 0, 0], [224, 4, 0, 0, 0], [240, 4, 0, 0, 0]]
[0, 0, 5407, 0, 6436]
[1, 5, 6048, 24485, 4897]
[32, 4, 1011, 664, 166]
[48, 4, 130, 52, 13]
[64, 4, 80, 32, 8]
[80, 4, 0, 0, 0]
[96, 4, 0, 0, 0]
[112, 4, 0, 0, 0]
[128, 4, 0, 0, 0]
[144, 4, 0, 0, 0]
[160, 4, 0, 0, 0]
[176, 4, 0, 0, 0]
[192, 4, 0, 0, 0]
[208, 4, 0, 0, 0]
[224, 4, 0, 0, 0]
[240, 4, 0, 0, 0]
COMPSTATS:  92160  (in_bits)  37909  (apack_bits)  0.41133897569444444  (comp_ratio)  3.2907118055555555  (bits_per_value)  12676  (symbol bits)  25233  (offset bits)  0.004184552002698183  (search time) 
