INPUT FILE:  trace/mobilenet_v2/input_3_flat.npy
ENCODED: 2584610.500000
ENCODED: 1199894.500000
ENCODED: 1199894.500000
ENCODED: 1199894.500000
0 0 170070 0 429066 0.760108418367347
5 1 266543 588320 117664 0.20844671201814058
4 32 72372 54048 13512 0.023937074829931973
4 48 26078 14068 3517 0.006230513038548753
4 64 5510 2204 551 0.0009761196145124716
4 80 0 408 102 0.00018069727891156462
4 96 0 228 57 0.00010097789115646258
4 112 0 44 11 1.9486961451247165e-05
4 128 0 0 0 0.0
4 144 0 0 0 0.0
4 160 0 0 0 0.0
4 176 0 0 0 0.0
4 192 0 0 0 0.0
4 208 0 0 0 0.0
4 224 0 0 0 0.0
4 240 0 0 0 0.0
[[0, 0, 170070, 0, 429066], [1, 5, 266543, 588320, 117664], [32, 4, 72372, 54048, 13512], [48, 4, 26078, 14068, 3517], [64, 4, 5510, 2204, 551], [80, 4, 0, 408, 102], [96, 4, 0, 228, 57], [112, 4, 0, 44, 11], [128, 4, 0, 0, 0], [144, 4, 0, 0, 0], [160, 4, 0, 0, 0], [176, 4, 0, 0, 0], [192, 4, 0, 0, 0], [208, 4, 0, 0, 0], [224, 4, 0, 0, 0], [240, 4, 0, 0, 0]]
[0, 0, 170070, 0, 429066]
[1, 5, 266543, 588320, 117664]
[32, 4, 72372, 54048, 13512]
[48, 4, 26078, 14068, 3517]
[64, 4, 5510, 2204, 551]
[80, 4, 0, 408, 102]
[96, 4, 0, 228, 57]
[112, 4, 0, 44, 11]
[128, 4, 0, 0, 0]
[144, 4, 0, 0, 0]
[160, 4, 0, 0, 0]
[176, 4, 0, 0, 0]
[192, 4, 0, 0, 0]
[208, 4, 0, 0, 0]
[224, 4, 0, 0, 0]
[240, 4, 0, 0, 0]
COMPSTATS:  4515840  (in_bits)  1199893  (apack_bits)  0.26570759814342404  (comp_ratio)  2.1256607851473923  (bits_per_value)  540573  (symbol bits)  659320  (offset bits)  0.14665699099714402  (search time) 
