INPUT FILE:  trace/mobilenet_v2/weight_1_flat.npy
ENCODED: 1704.283447
ENCODED: 1628.942627
ENCODED: 1628.942627
ENCODED: 1628.942627
0 0 138 0 64 0.2222222222222222
5 1 149 430 86 0.2986111111111111
4 32 24 16 4 0.013888888888888888
4 48 24 16 4 0.013888888888888888
4 64 14 8 2 0.006944444444444444
4 80 14 8 2 0.006944444444444444
4 96 8 4 1 0.003472222222222222
4 112 0 0 0 0.0
4 128 8 4 1 0.003472222222222222
4 144 0 0 0 0.0
4 160 0 0 0 0.0
4 176 0 0 0 0.0
4 192 19 12 3 0.010416666666666666
4 208 33 24 6 0.020833333333333332
4 224 58 52 13 0.04513888888888889
4 240 152 408 102 0.3541666666666667
[[0, 0, 138, 0, 64], [1, 5, 149, 430, 86], [32, 4, 24, 16, 4], [48, 4, 24, 16, 4], [64, 4, 14, 8, 2], [80, 4, 14, 8, 2], [96, 4, 8, 4, 1], [112, 4, 0, 0, 0], [128, 4, 8, 4, 1], [144, 4, 0, 0, 0], [160, 4, 0, 0, 0], [176, 4, 0, 0, 0], [192, 4, 19, 12, 3], [208, 4, 33, 24, 6], [224, 4, 58, 52, 13], [240, 4, 152, 408, 102]]
[0, 0, 138, 0, 64]
[1, 5, 149, 430, 86]
[32, 4, 24, 16, 4]
[48, 4, 24, 16, 4]
[64, 4, 14, 8, 2]
[80, 4, 14, 8, 2]
[96, 4, 8, 4, 1]
[112, 4, 0, 0, 0]
[128, 4, 8, 4, 1]
[144, 4, 0, 0, 0]
[160, 4, 0, 0, 0]
[176, 4, 0, 0, 0]
[192, 4, 19, 12, 3]
[208, 4, 33, 24, 6]
[224, 4, 58, 52, 13]
[240, 4, 152, 408, 102]
COMPSTATS:  2304  (in_bits)  1623  (apack_bits)  0.7044270833333334  (comp_ratio)  5.635416666666667  (bits_per_value)  641  (symbol bits)  982  (offset bits)  0.00221649999730289  (search time) 
