INPUT FILE:  trace/mobilenet_v2/weight_8_flat.npy
ENCODED: 22839.484375
ENCODED: 22839.484375
4 0 1775 3848 962 0.27835648148148145
4 16 1404 2028 507 0.1467013888888889
4 32 895 916 229 0.06626157407407407
4 48 386 272 68 0.019675925925925927
4 64 155 84 21 0.006076388888888889
4 80 50 20 5 0.0014467592592592592
4 96 0 4 1 0.00028935185185185184
4 112 0 4 1 0.00028935185185185184
4 128 0 0 0 0.0
4 144 0 4 1 0.00028935185185185184
4 160 40 16 4 0.0011574074074074073
4 176 148 80 20 0.005787037037037037
4 192 324 216 54 0.015625
4 208 681 600 150 0.043402777777777776
4 224 1392 1996 499 0.14438657407407407
4 240 1761 3736 934 0.27025462962962965
[[0, 4, 1775, 3848, 962], [16, 4, 1404, 2028, 507], [32, 4, 895, 916, 229], [48, 4, 386, 272, 68], [64, 4, 155, 84, 21], [80, 4, 50, 20, 5], [96, 4, 0, 4, 1], [112, 4, 0, 4, 1], [128, 4, 0, 0, 0], [144, 4, 0, 4, 1], [160, 4, 40, 16, 4], [176, 4, 148, 80, 20], [192, 4, 324, 216, 54], [208, 4, 681, 600, 150], [224, 4, 1392, 1996, 499], [240, 4, 1761, 3736, 934]]
[0, 4, 1775, 3848, 962]
[16, 4, 1404, 2028, 507]
[32, 4, 895, 916, 229]
[48, 4, 386, 272, 68]
[64, 4, 155, 84, 21]
[80, 4, 50, 20, 5]
[96, 4, 0, 4, 1]
[112, 4, 0, 4, 1]
[128, 4, 0, 0, 0]
[144, 4, 0, 4, 1]
[160, 4, 40, 16, 4]
[176, 4, 148, 80, 20]
[192, 4, 324, 216, 54]
[208, 4, 681, 600, 150]
[224, 4, 1392, 1996, 499]
[240, 4, 1761, 3736, 934]
COMPSTATS:  27648  (in_bits)  22835  (apack_bits)  0.8259186921296297  (comp_ratio)  6.607349537037037  (bits_per_value)  9011  (symbol bits)  13824  (offset bits)  0.0019920240010833368  (search time) 
