INPUT FILE:  trace/mobilenet_v2/weight_14_flat.npy
ENCODED: 41946.699219
ENCODED: 41946.699219
4 0 3055 6008 1502 0.24446614583333334
4 16 2550 3784 946 0.15397135416666666
4 32 1718 1832 458 0.07454427083333333
4 48 785 580 145 0.023600260416666668
4 64 368 216 54 0.0087890625
4 80 200 100 25 0.004069010416666667
4 96 70 28 7 0.0011393229166666667
4 112 70 28 7 0.0011393229166666667
4 128 30 12 3 0.00048828125
4 144 80 32 8 0.0013020833333333333
4 160 159 76 19 0.0030924479166666665
4 176 380 228 57 0.00927734375
4 192 821 620 155 0.025227864583333332
4 208 1524 1516 379 0.061686197916666664
4 224 2545 3764 941 0.15315755208333334
4 240 3009 5752 1438 0.23404947916666666
[[0, 4, 3055, 6008, 1502], [16, 4, 2550, 3784, 946], [32, 4, 1718, 1832, 458], [48, 4, 785, 580, 145], [64, 4, 368, 216, 54], [80, 4, 200, 100, 25], [96, 4, 70, 28, 7], [112, 4, 70, 28, 7], [128, 4, 30, 12, 3], [144, 4, 80, 32, 8], [160, 4, 159, 76, 19], [176, 4, 380, 228, 57], [192, 4, 821, 620, 155], [208, 4, 1524, 1516, 379], [224, 4, 2545, 3764, 941], [240, 4, 3009, 5752, 1438]]
[0, 4, 3055, 6008, 1502]
[16, 4, 2550, 3784, 946]
[32, 4, 1718, 1832, 458]
[48, 4, 785, 580, 145]
[64, 4, 368, 216, 54]
[80, 4, 200, 100, 25]
[96, 4, 70, 28, 7]
[112, 4, 70, 28, 7]
[128, 4, 30, 12, 3]
[144, 4, 80, 32, 8]
[160, 4, 159, 76, 19]
[176, 4, 380, 228, 57]
[192, 4, 821, 620, 155]
[208, 4, 1524, 1516, 379]
[224, 4, 2545, 3764, 941]
[240, 4, 3009, 5752, 1438]
COMPSTATS:  49152  (in_bits)  41940  (apack_bits)  0.853271484375  (comp_ratio)  6.826171875  (bits_per_value)  17364  (symbol bits)  24576  (offset bits)  0.002588898001704365  (search time) 
