INPUT FILE:  trace/mobilenet_v2/weight_44_flat.npy
ENCODED: 1007679.375000
ENCODED: 1007679.375000
4 0 78131 164772 41193 0.26818359375
4 16 65175 99316 24829 0.16164713541666667
4 32 37812 37384 9346 0.060846354166666665
4 48 14520 9680 2420 0.015755208333333333
4 64 3727 1772 443 0.002884114583333333
4 80 0 292 73 0.0004752604166666667
4 96 0 48 12 7.8125e-05
4 112 0 8 2 1.3020833333333334e-05
4 128 0 20 5 3.255208333333333e-05
4 144 0 68 17 0.00011067708333333333
4 160 0 252 63 0.00041015625
4 176 3239 1540 385 0.002506510416666667
4 192 13252 8560 2140 0.013932291666666667
4 208 35745 34520 8630 0.05618489583333333
4 224 63808 94664 23666 0.15407552083333334
4 240 77866 161504 40376 0.26286458333333335
[[0, 4, 78131, 164772, 41193], [16, 4, 65175, 99316, 24829], [32, 4, 37812, 37384, 9346], [48, 4, 14520, 9680, 2420], [64, 4, 3727, 1772, 443], [80, 4, 0, 292, 73], [96, 4, 0, 48, 12], [112, 4, 0, 8, 2], [128, 4, 0, 20, 5], [144, 4, 0, 68, 17], [160, 4, 0, 252, 63], [176, 4, 3239, 1540, 385], [192, 4, 13252, 8560, 2140], [208, 4, 35745, 34520, 8630], [224, 4, 63808, 94664, 23666], [240, 4, 77866, 161504, 40376]]
[0, 4, 78131, 164772, 41193]
[16, 4, 65175, 99316, 24829]
[32, 4, 37812, 37384, 9346]
[48, 4, 14520, 9680, 2420]
[64, 4, 3727, 1772, 443]
[80, 4, 0, 292, 73]
[96, 4, 0, 48, 12]
[112, 4, 0, 8, 2]
[128, 4, 0, 20, 5]
[144, 4, 0, 68, 17]
[160, 4, 0, 252, 63]
[176, 4, 3239, 1540, 385]
[192, 4, 13252, 8560, 2140]
[208, 4, 35745, 34520, 8630]
[224, 4, 63808, 94664, 23666]
[240, 4, 77866, 161504, 40376]
COMPSTATS:  1228800  (in_bits)  1007675  (apack_bits)  0.8200480143229166  (comp_ratio)  6.560384114583333  (bits_per_value)  393275  (symbol bits)  614400  (offset bits)  0.03533074998995289  (search time) 
