INPUT FILE:  trace/mobilenet_v2/weight_32_flat.npy
ENCODED: 231223.406250
ENCODED: 231223.406250
4 0 19441 47856 11964 0.3245442708333333
4 16 15037 21856 5464 0.1482204861111111
4 32 6586 5588 1397 0.037896050347222224
4 48 1435 748 187 0.005072699652777778
4 64 180 72 18 0.00048828125
4 80 0 8 2 5.425347222222222e-05
4 96 0 0 0 0.0
4 112 0 4 1 2.712673611111111e-05
4 128 0 0 0 0.0
4 144 0 0 0 0.0
4 160 0 8 2 5.425347222222222e-05
4 176 220 88 22 0.0005967881944444445
4 192 1243 648 162 0.00439453125
4 208 5867 4736 1184 0.03211805555555555
4 224 14439 20048 5012 0.1359592013888889
4 240 19315 45796 11449 0.3105740017361111
[[0, 4, 19441, 47856, 11964], [16, 4, 15037, 21856, 5464], [32, 4, 6586, 5588, 1397], [48, 4, 1435, 748, 187], [64, 4, 180, 72, 18], [80, 4, 0, 8, 2], [96, 4, 0, 0, 0], [112, 4, 0, 4, 1], [128, 4, 0, 0, 0], [144, 4, 0, 0, 0], [160, 4, 0, 8, 2], [176, 4, 220, 88, 22], [192, 4, 1243, 648, 162], [208, 4, 5867, 4736, 1184], [224, 4, 14439, 20048, 5012], [240, 4, 19315, 45796, 11449]]
[0, 4, 19441, 47856, 11964]
[16, 4, 15037, 21856, 5464]
[32, 4, 6586, 5588, 1397]
[48, 4, 1435, 748, 187]
[64, 4, 180, 72, 18]
[80, 4, 0, 8, 2]
[96, 4, 0, 0, 0]
[112, 4, 0, 4, 1]
[128, 4, 0, 0, 0]
[144, 4, 0, 0, 0]
[160, 4, 0, 8, 2]
[176, 4, 220, 88, 22]
[192, 4, 1243, 648, 162]
[208, 4, 5867, 4736, 1184]
[224, 4, 14439, 20048, 5012]
[240, 4, 19315, 45796, 11449]
COMPSTATS:  294912  (in_bits)  231219  (apack_bits)  0.784027099609375  (comp_ratio)  6.272216796875  (bits_per_value)  83763  (symbol bits)  147456  (offset bits)  0.008793727000011131  (search time) 
