INPUT FILE:  trace/mobilenet_v2/weight_23_flat.npy
ENCODED: 159041.609375
ENCODED: 159041.609375
4 0 12708 28236 7059 0.2872314453125
4 16 10347 15560 3890 0.15828450520833334
4 32 5099 4620 1155 0.0469970703125
4 48 1783 1112 278 0.011311848958333334
4 64 530 252 63 0.0025634765625
4 80 0 44 11 0.0004475911458333333
4 96 0 24 6 0.000244140625
4 112 0 4 1 4.0690104166666664e-05
4 128 0 0 0 0.0
4 144 0 16 4 0.00016276041666666666
4 160 140 56 14 0.0005696614583333334
4 176 572 272 68 0.0027669270833333335
4 192 1785 1092 273 0.0111083984375
4 208 5143 4692 1173 0.0477294921875
4 224 9949 14312 3578 0.14558919270833334
4 240 12676 28012 7003 0.2849527994791667
[[0, 4, 12708, 28236, 7059], [16, 4, 10347, 15560, 3890], [32, 4, 5099, 4620, 1155], [48, 4, 1783, 1112, 278], [64, 4, 530, 252, 63], [80, 4, 0, 44, 11], [96, 4, 0, 24, 6], [112, 4, 0, 4, 1], [128, 4, 0, 0, 0], [144, 4, 0, 16, 4], [160, 4, 140, 56, 14], [176, 4, 572, 272, 68], [192, 4, 1785, 1092, 273], [208, 4, 5143, 4692, 1173], [224, 4, 9949, 14312, 3578], [240, 4, 12676, 28012, 7003]]
[0, 4, 12708, 28236, 7059]
[16, 4, 10347, 15560, 3890]
[32, 4, 5099, 4620, 1155]
[48, 4, 1783, 1112, 278]
[64, 4, 530, 252, 63]
[80, 4, 0, 44, 11]
[96, 4, 0, 24, 6]
[112, 4, 0, 4, 1]
[128, 4, 0, 0, 0]
[144, 4, 0, 16, 4]
[160, 4, 140, 56, 14]
[176, 4, 572, 272, 68]
[192, 4, 1785, 1092, 273]
[208, 4, 5143, 4692, 1173]
[224, 4, 9949, 14312, 3578]
[240, 4, 12676, 28012, 7003]
COMPSTATS:  196608  (in_bits)  159036  (apack_bits)  0.80889892578125  (comp_ratio)  6.47119140625  (bits_per_value)  60732  (symbol bits)  98304  (offset bits)  0.006322336994344369  (search time) 
