INPUT FILE:  trace/mobilenet_v2/weight_10_flat.npy
ENCODED: 7771.099121
ENCODED: 7771.099121
4 0 681 2188 547 0.4220679012345679
4 16 403 464 116 0.08950617283950617
4 32 158 116 29 0.022376543209876542
4 48 46 24 6 0.004629629629629629
4 64 10 4 1 0.0007716049382716049
4 80 18 8 2 0.0015432098765432098
4 96 0 0 0 0.0
4 112 10 4 1 0.0007716049382716049
4 128 10 4 1 0.0007716049382716049
4 144 0 0 0 0.0
4 160 0 0 0 0.0
4 176 33 16 4 0.0030864197530864196
4 192 46 24 6 0.004629629629629629
4 208 120 80 20 0.015432098765432098
4 224 362 388 97 0.07484567901234568
4 240 688 1864 466 0.3595679012345679
[[0, 4, 681, 2188, 547], [16, 4, 403, 464, 116], [32, 4, 158, 116, 29], [48, 4, 46, 24, 6], [64, 4, 10, 4, 1], [80, 4, 18, 8, 2], [96, 4, 0, 0, 0], [112, 4, 10, 4, 1], [128, 4, 10, 4, 1], [144, 4, 0, 0, 0], [160, 4, 0, 0, 0], [176, 4, 33, 16, 4], [192, 4, 46, 24, 6], [208, 4, 120, 80, 20], [224, 4, 362, 388, 97], [240, 4, 688, 1864, 466]]
[0, 4, 681, 2188, 547]
[16, 4, 403, 464, 116]
[32, 4, 158, 116, 29]
[48, 4, 46, 24, 6]
[64, 4, 10, 4, 1]
[80, 4, 18, 8, 2]
[96, 4, 0, 0, 0]
[112, 4, 10, 4, 1]
[128, 4, 10, 4, 1]
[144, 4, 0, 0, 0]
[160, 4, 0, 0, 0]
[176, 4, 33, 16, 4]
[192, 4, 46, 24, 6]
[208, 4, 120, 80, 20]
[224, 4, 362, 388, 97]
[240, 4, 688, 1864, 466]
COMPSTATS:  10368  (in_bits)  7769  (apack_bits)  0.7493248456790124  (comp_ratio)  5.994598765432099  (bits_per_value)  2585  (symbol bits)  5184  (offset bits)  0.0014675159909529611  (search time) 
