INPUT FILE:  trace/mobilenet_v2/weight_39_flat.npy
ENCODED: 348717.281250
ENCODED: 348717.281250
4 0 29011 69900 17475 0.3160264756944444
4 16 22087 31440 7860 0.1421440972222222
4 32 9722 8184 2046 0.03700086805555555
4 48 2550 1376 344 0.006221064814814815
4 64 650 260 65 0.0011754918981481482
4 80 0 40 10 0.0001808449074074074
4 96 0 16 4 7.233796296296296e-05
4 112 0 4 1 1.808449074074074e-05
4 128 0 4 1 1.808449074074074e-05
4 144 0 4 1 1.808449074074074e-05
4 160 0 48 12 0.00021701388888888888
4 176 530 212 53 0.0009584780092592593
4 192 2625 1460 365 0.006600839120370371
4 208 9365 7756 1939 0.035065827546296294
4 224 22013 31224 7806 0.1411675347222222
4 240 28976 69256 17314 0.3131148726851852
[[0, 4, 29011, 69900, 17475], [16, 4, 22087, 31440, 7860], [32, 4, 9722, 8184, 2046], [48, 4, 2550, 1376, 344], [64, 4, 650, 260, 65], [80, 4, 0, 40, 10], [96, 4, 0, 16, 4], [112, 4, 0, 4, 1], [128, 4, 0, 4, 1], [144, 4, 0, 4, 1], [160, 4, 0, 48, 12], [176, 4, 530, 212, 53], [192, 4, 2625, 1460, 365], [208, 4, 9365, 7756, 1939], [224, 4, 22013, 31224, 7806], [240, 4, 28976, 69256, 17314]]
[0, 4, 29011, 69900, 17475]
[16, 4, 22087, 31440, 7860]
[32, 4, 9722, 8184, 2046]
[48, 4, 2550, 1376, 344]
[64, 4, 650, 260, 65]
[80, 4, 0, 40, 10]
[96, 4, 0, 16, 4]
[112, 4, 0, 4, 1]
[128, 4, 0, 4, 1]
[144, 4, 0, 4, 1]
[160, 4, 0, 48, 12]
[176, 4, 530, 212, 53]
[192, 4, 2625, 1460, 365]
[208, 4, 9365, 7756, 1939]
[224, 4, 22013, 31224, 7806]
[240, 4, 28976, 69256, 17314]
COMPSTATS:  442368  (in_bits)  348713  (apack_bits)  0.7882871274594907  (comp_ratio)  6.306297019675926  (bits_per_value)  127529  (symbol bits)  221184  (offset bits)  0.012810440006433055  (search time) 
