INPUT FILE:  trace/mobilenet_v2/weight_13_flat.npy
ENCODED: 10565.639648
ENCODED: 10565.639648
4 0 907 2204 551 0.31886574074074076
4 16 468 492 123 0.07118055555555555
4 32 254 200 50 0.028935185185185185
4 48 158 104 26 0.015046296296296295
4 64 69 36 9 0.005208333333333333
4 80 27 12 3 0.001736111111111111
4 96 0 0 0 0.0
4 112 10 4 1 0.0005787037037037037
4 128 0 0 0 0.0
4 144 10 4 1 0.0005787037037037037
4 160 42 20 5 0.0028935185185185184
4 176 27 12 3 0.001736111111111111
4 192 86 48 12 0.006944444444444444
4 208 174 120 30 0.017361111111111112
4 224 519 584 146 0.08449074074074074
4 240 898 3072 768 0.4444444444444444
[[0, 4, 907, 2204, 551], [16, 4, 468, 492, 123], [32, 4, 254, 200, 50], [48, 4, 158, 104, 26], [64, 4, 69, 36, 9], [80, 4, 27, 12, 3], [96, 4, 0, 0, 0], [112, 4, 10, 4, 1], [128, 4, 0, 0, 0], [144, 4, 10, 4, 1], [160, 4, 42, 20, 5], [176, 4, 27, 12, 3], [192, 4, 86, 48, 12], [208, 4, 174, 120, 30], [224, 4, 519, 584, 146], [240, 4, 898, 3072, 768]]
[0, 4, 907, 2204, 551]
[16, 4, 468, 492, 123]
[32, 4, 254, 200, 50]
[48, 4, 158, 104, 26]
[64, 4, 69, 36, 9]
[80, 4, 27, 12, 3]
[96, 4, 0, 0, 0]
[112, 4, 10, 4, 1]
[128, 4, 0, 0, 0]
[144, 4, 10, 4, 1]
[160, 4, 42, 20, 5]
[176, 4, 27, 12, 3]
[192, 4, 86, 48, 12]
[208, 4, 174, 120, 30]
[224, 4, 519, 584, 146]
[240, 4, 898, 3072, 768]
COMPSTATS:  13824  (in_bits)  10561  (apack_bits)  0.7639612268518519  (comp_ratio)  6.111689814814815  (bits_per_value)  3649  (symbol bits)  6912  (offset bits)  0.0015417699905810878  (search time) 
