INPUT FILE:  trace/mobilenet_v2/weight_11_flat.npy
ENCODED: 31038.253906
ENCODED: 31038.253906
4 0 2339 4892 1223 0.2654079861111111
4 16 1877 2720 680 0.14756944444444445
4 32 1257 1320 330 0.07161458333333333
4 48 527 376 94 0.020399305555555556
4 64 266 156 39 0.008463541666666666
4 80 90 40 10 0.002170138888888889
4 96 40 16 4 0.0008680555555555555
4 112 0 4 1 0.00021701388888888888
4 128 0 0 0 0.0
4 144 30 12 3 0.0006510416666666666
4 160 60 24 6 0.0013020833333333333
4 176 192 104 26 0.005642361111111111
4 192 569 416 104 0.022569444444444444
4 208 1184 1204 301 0.06532118055555555
4 224 1907 2820 705 0.15299479166666666
4 240 2264 4328 1082 0.2348090277777778
[[0, 4, 2339, 4892, 1223], [16, 4, 1877, 2720, 680], [32, 4, 1257, 1320, 330], [48, 4, 527, 376, 94], [64, 4, 266, 156, 39], [80, 4, 90, 40, 10], [96, 4, 40, 16, 4], [112, 4, 0, 4, 1], [128, 4, 0, 0, 0], [144, 4, 30, 12, 3], [160, 4, 60, 24, 6], [176, 4, 192, 104, 26], [192, 4, 569, 416, 104], [208, 4, 1184, 1204, 301], [224, 4, 1907, 2820, 705], [240, 4, 2264, 4328, 1082]]
[0, 4, 2339, 4892, 1223]
[16, 4, 1877, 2720, 680]
[32, 4, 1257, 1320, 330]
[48, 4, 527, 376, 94]
[64, 4, 266, 156, 39]
[80, 4, 90, 40, 10]
[96, 4, 40, 16, 4]
[112, 4, 0, 4, 1]
[128, 4, 0, 0, 0]
[144, 4, 30, 12, 3]
[160, 4, 60, 24, 6]
[176, 4, 192, 104, 26]
[192, 4, 569, 416, 104]
[208, 4, 1184, 1204, 301]
[224, 4, 1907, 2820, 705]
[240, 4, 2264, 4328, 1082]
COMPSTATS:  36864  (in_bits)  31034  (apack_bits)  0.8418511284722222  (comp_ratio)  6.734809027777778  (bits_per_value)  12602  (symbol bits)  18432  (offset bits)  0.0021385029976954684  (search time) 
