INPUT FILE:  trace/mobilenet_v2/weight_2_flat.npy
ENCODED: 3527.490723
ENCODED: 3445.239258
ENCODED: 3445.239258
ENCODED: 3445.239258
1 0 220 85 85 0.166015625
5 2 262 705 141 0.275390625
4 32 108 100 25 0.048828125
4 48 105 96 24 0.046875
4 64 60 44 11 0.021484375
4 80 33 20 5 0.009765625
4 96 16 8 2 0.00390625
4 112 0 0 0 0.0
4 128 16 8 2 0.00390625
4 144 16 8 2 0.00390625
4 160 22 12 3 0.005859375
4 176 38 24 6 0.01171875
4 192 80 64 16 0.03125
4 208 117 112 28 0.0546875
4 224 167 200 50 0.09765625
4 240 245 448 112 0.21875
[[0, 1, 220, 85, 85], [2, 5, 262, 705, 141], [32, 4, 108, 100, 25], [48, 4, 105, 96, 24], [64, 4, 60, 44, 11], [80, 4, 33, 20, 5], [96, 4, 16, 8, 2], [112, 4, 0, 0, 0], [128, 4, 16, 8, 2], [144, 4, 16, 8, 2], [160, 4, 22, 12, 3], [176, 4, 38, 24, 6], [192, 4, 80, 64, 16], [208, 4, 117, 112, 28], [224, 4, 167, 200, 50], [240, 4, 245, 448, 112]]
[0, 1, 220, 85, 85]
[2, 5, 262, 705, 141]
[32, 4, 108, 100, 25]
[48, 4, 105, 96, 24]
[64, 4, 60, 44, 11]
[80, 4, 33, 20, 5]
[96, 4, 16, 8, 2]
[112, 4, 0, 0, 0]
[128, 4, 16, 8, 2]
[144, 4, 16, 8, 2]
[160, 4, 22, 12, 3]
[176, 4, 38, 24, 6]
[192, 4, 80, 64, 16]
[208, 4, 117, 112, 28]
[224, 4, 167, 200, 50]
[240, 4, 245, 448, 112]
COMPSTATS:  4096  (in_bits)  3439  (apack_bits)  0.839599609375  (comp_ratio)  6.716796875  (bits_per_value)  1505  (symbol bits)  1934  (offset bits)  0.0022970260033616796  (search time) 
