INPUT FILE:  trace/mobilenet_v2/weight_19_flat.npy
ENCODED: 11404.603516
ENCODED: 11339.720703
5 0 911 3555 711 0.4114583333333333
4 32 432 432 108 0.0625
4 48 117 72 18 0.010416666666666666
4 64 98 56 14 0.008101851851851851
4 80 36 16 4 0.0023148148148148147
4 96 20 8 2 0.0011574074074074073
4 112 0 0 0 0.0
4 128 10 4 1 0.0005787037037037037
4 144 20 8 2 0.0011574074074074073
4 160 27 12 3 0.001736111111111111
4 176 74 40 10 0.005787037037037037
4 192 91 52 13 0.007523148148148148
4 208 284 232 58 0.03356481481481482
4 224 787 1316 329 0.19039351851851852
3 240 789 993 331 0.19155092592592593
3 248 472 372 124 0.07175925925925926
[[0, 5, 911, 3555, 711], [32, 4, 432, 432, 108], [48, 4, 117, 72, 18], [64, 4, 98, 56, 14], [80, 4, 36, 16, 4], [96, 4, 20, 8, 2], [112, 4, 0, 0, 0], [128, 4, 10, 4, 1], [144, 4, 20, 8, 2], [160, 4, 27, 12, 3], [176, 4, 74, 40, 10], [192, 4, 91, 52, 13], [208, 4, 284, 232, 58], [224, 4, 787, 1316, 329], [240, 3, 789, 993, 331], [248, 3, 472, 372, 124]]
[0, 5, 911, 3555, 711]
[32, 4, 432, 432, 108]
[48, 4, 117, 72, 18]
[64, 4, 98, 56, 14]
[80, 4, 36, 16, 4]
[96, 4, 20, 8, 2]
[112, 4, 0, 0, 0]
[128, 4, 10, 4, 1]
[144, 4, 20, 8, 2]
[160, 4, 27, 12, 3]
[176, 4, 74, 40, 10]
[192, 4, 91, 52, 13]
[208, 4, 284, 232, 58]
[224, 4, 787, 1316, 329]
[240, 3, 789, 993, 331]
[248, 3, 472, 372, 124]
COMPSTATS:  13824  (in_bits)  11336  (apack_bits)  0.8200231481481481  (comp_ratio)  6.560185185185185  (bits_per_value)  4168  (symbol bits)  7168  (offset bits)  0.001609099010238424  (search time) 
