INPUT FILE:  trace/mobilenet_v2/weight_38_flat.npy
ENCODED: 316306.000000
ENCODED: 316306.000000
4 0 28983 94624 23656 0.42780671296296297
4 16 16721 18804 4701 0.08501519097222222
4 32 2726 1516 379 0.00685402199074074
4 48 0 80 20 0.0003616898148148148
4 64 0 24 6 0.00010850694444444444
4 80 0 4 1 1.808449074074074e-05
4 96 0 12 3 5.425347222222222e-05
4 112 0 0 0 0.0
4 128 0 4 1 1.808449074074074e-05
4 144 0 4 1 1.808449074074074e-05
4 160 0 0 0 0.0
4 176 0 12 3 5.425347222222222e-05
4 192 0 64 16 0.00028935185185185184
4 208 2272 1184 296 0.00535300925925926
4 224 15205 16128 4032 0.07291666666666667
4 240 29212 88724 22181 0.40113208912037035
[[0, 4, 28983, 94624, 23656], [16, 4, 16721, 18804, 4701], [32, 4, 2726, 1516, 379], [48, 4, 0, 80, 20], [64, 4, 0, 24, 6], [80, 4, 0, 4, 1], [96, 4, 0, 12, 3], [112, 4, 0, 0, 0], [128, 4, 0, 4, 1], [144, 4, 0, 4, 1], [160, 4, 0, 0, 0], [176, 4, 0, 12, 3], [192, 4, 0, 64, 16], [208, 4, 2272, 1184, 296], [224, 4, 15205, 16128, 4032], [240, 4, 29212, 88724, 22181]]
[0, 4, 28983, 94624, 23656]
[16, 4, 16721, 18804, 4701]
[32, 4, 2726, 1516, 379]
[48, 4, 0, 80, 20]
[64, 4, 0, 24, 6]
[80, 4, 0, 4, 1]
[96, 4, 0, 12, 3]
[112, 4, 0, 0, 0]
[128, 4, 0, 4, 1]
[144, 4, 0, 4, 1]
[160, 4, 0, 0, 0]
[176, 4, 0, 12, 3]
[192, 4, 0, 64, 16]
[208, 4, 2272, 1184, 296]
[224, 4, 15205, 16128, 4032]
[240, 4, 29212, 88724, 22181]
COMPSTATS:  442368  (in_bits)  316303  (apack_bits)  0.7150223343460648  (comp_ratio)  5.720178674768518  (bits_per_value)  95119  (symbol bits)  221184  (offset bits)  0.012906654010294005  (search time) 
