INPUT FILE:  trace/mobilenet_v2/weight_6_flat.npy
ENCODED: 23435.476562
ENCODED: 23435.476562
4 0 1724 3440 860 0.2488425925925926
4 16 1404 2028 507 0.1467013888888889
4 32 910 936 234 0.06770833333333333
4 48 519 412 103 0.02980324074074074
4 64 269 168 42 0.012152777777777778
4 80 96 48 12 0.003472222222222222
4 96 40 16 4 0.0011574074074074073
4 112 0 4 1 0.00028935185185185184
4 128 30 12 3 0.0008680555555555555
4 144 30 12 3 0.0008680555555555555
4 160 84 40 10 0.0028935185185185184
4 176 179 100 25 0.007233796296296296
4 192 415 300 75 0.021701388888888888
4 208 815 788 197 0.05700231481481482
4 224 1332 1824 456 0.13194444444444445
4 240 1757 3696 924 0.2673611111111111
[[0, 4, 1724, 3440, 860], [16, 4, 1404, 2028, 507], [32, 4, 910, 936, 234], [48, 4, 519, 412, 103], [64, 4, 269, 168, 42], [80, 4, 96, 48, 12], [96, 4, 40, 16, 4], [112, 4, 0, 4, 1], [128, 4, 30, 12, 3], [144, 4, 30, 12, 3], [160, 4, 84, 40, 10], [176, 4, 179, 100, 25], [192, 4, 415, 300, 75], [208, 4, 815, 788, 197], [224, 4, 1332, 1824, 456], [240, 4, 1757, 3696, 924]]
[0, 4, 1724, 3440, 860]
[16, 4, 1404, 2028, 507]
[32, 4, 910, 936, 234]
[48, 4, 519, 412, 103]
[64, 4, 269, 168, 42]
[80, 4, 96, 48, 12]
[96, 4, 40, 16, 4]
[112, 4, 0, 4, 1]
[128, 4, 30, 12, 3]
[144, 4, 30, 12, 3]
[160, 4, 84, 40, 10]
[176, 4, 179, 100, 25]
[192, 4, 415, 300, 75]
[208, 4, 815, 788, 197]
[224, 4, 1332, 1824, 456]
[240, 4, 1757, 3696, 924]
COMPSTATS:  27648  (in_bits)  23428  (apack_bits)  0.8473668981481481  (comp_ratio)  6.778935185185185  (bits_per_value)  9604  (symbol bits)  13824  (offset bits)  0.0019614790071500465  (search time) 
