INPUT FILE:  trace/mobilenet_v2/weight_3_flat.npy
ENCODED: 10124.976562
ENCODED: 10124.976562
4 0 801 1876 469 0.3053385416666667
4 16 589 804 201 0.130859375
4 32 326 300 75 0.048828125
4 48 161 112 28 0.018229166666666668
4 64 88 52 13 0.008463541666666666
4 80 10 4 1 0.0006510416666666666
4 96 33 16 4 0.0026041666666666665
4 112 10 4 1 0.0006510416666666666
4 128 0 0 0 0.0
4 144 10 4 1 0.0006510416666666666
4 160 53 28 7 0.004557291666666667
4 176 53 28 7 0.004557291666666667
4 192 229 180 45 0.029296875
4 208 253 208 52 0.033854166666666664
4 224 561 732 183 0.119140625
4 240 797 1796 449 0.2923177083333333
[[0, 4, 801, 1876, 469], [16, 4, 589, 804, 201], [32, 4, 326, 300, 75], [48, 4, 161, 112, 28], [64, 4, 88, 52, 13], [80, 4, 10, 4, 1], [96, 4, 33, 16, 4], [112, 4, 10, 4, 1], [128, 4, 0, 0, 0], [144, 4, 10, 4, 1], [160, 4, 53, 28, 7], [176, 4, 53, 28, 7], [192, 4, 229, 180, 45], [208, 4, 253, 208, 52], [224, 4, 561, 732, 183], [240, 4, 797, 1796, 449]]
[0, 4, 801, 1876, 469]
[16, 4, 589, 804, 201]
[32, 4, 326, 300, 75]
[48, 4, 161, 112, 28]
[64, 4, 88, 52, 13]
[80, 4, 10, 4, 1]
[96, 4, 33, 16, 4]
[112, 4, 10, 4, 1]
[128, 4, 0, 0, 0]
[144, 4, 10, 4, 1]
[160, 4, 53, 28, 7]
[176, 4, 53, 28, 7]
[192, 4, 229, 180, 45]
[208, 4, 253, 208, 52]
[224, 4, 561, 732, 183]
[240, 4, 797, 1796, 449]
COMPSTATS:  12288  (in_bits)  10118  (apack_bits)  0.8234049479166666  (comp_ratio)  6.587239583333333  (bits_per_value)  3974  (symbol bits)  6144  (offset bits)  0.001523162005469203  (search time) 
