INPUT FILE:  trace/mobilenet_v2/weight_37_flat.npy
ENCODED: 29816.488281
ENCODED: 29816.488281
4 0 2753 7804 1951 0.37635030864197533
4 16 1575 1780 445 0.08584104938271606
4 32 769 604 151 0.029128086419753087
4 48 184 96 24 0.004629629629629629
4 64 70 28 7 0.0013503086419753086
4 80 0 4 1 0.00019290123456790122
4 96 0 0 0 0.0
4 112 0 0 0 0.0
4 128 0 4 1 0.00019290123456790122
4 144 0 0 0 0.0
4 160 0 0 0 0.0
4 176 0 0 0 0.0
4 192 60 24 6 0.0011574074074074073
4 208 184 96 24 0.004629629629629629
4 224 822 664 166 0.03202160493827161
4 240 2661 9632 2408 0.4645061728395062
[[0, 4, 2753, 7804, 1951], [16, 4, 1575, 1780, 445], [32, 4, 769, 604, 151], [48, 4, 184, 96, 24], [64, 4, 70, 28, 7], [80, 4, 0, 4, 1], [96, 4, 0, 0, 0], [112, 4, 0, 0, 0], [128, 4, 0, 4, 1], [144, 4, 0, 0, 0], [160, 4, 0, 0, 0], [176, 4, 0, 0, 0], [192, 4, 60, 24, 6], [208, 4, 184, 96, 24], [224, 4, 822, 664, 166], [240, 4, 2661, 9632, 2408]]
[0, 4, 2753, 7804, 1951]
[16, 4, 1575, 1780, 445]
[32, 4, 769, 604, 151]
[48, 4, 184, 96, 24]
[64, 4, 70, 28, 7]
[80, 4, 0, 4, 1]
[96, 4, 0, 0, 0]
[112, 4, 0, 0, 0]
[128, 4, 0, 4, 1]
[144, 4, 0, 0, 0]
[160, 4, 0, 0, 0]
[176, 4, 0, 0, 0]
[192, 4, 60, 24, 6]
[208, 4, 184, 96, 24]
[224, 4, 822, 664, 166]
[240, 4, 2661, 9632, 2408]
COMPSTATS:  41472  (in_bits)  29814  (apack_bits)  0.7188946759259259  (comp_ratio)  5.751157407407407  (bits_per_value)  9078  (symbol bits)  20736  (offset bits)  0.0022093289881013334  (search time) 
