INPUT FILE:  trace/mobilenet_v2/weight_25_flat.npy
ENCODED: 19099.826172
ENCODED: 19099.826172
4 0 1826 5504 1376 0.39814814814814814
4 16 845 836 209 0.060474537037037035
4 32 211 124 31 0.008969907407407407
4 48 50 20 5 0.0014467592592592592
4 64 0 4 1 0.00028935185185185184
4 80 0 0 0 0.0
4 96 0 4 1 0.00028935185185185184
4 112 0 4 1 0.00028935185185185184
4 128 0 0 0 0.0
4 144 0 0 0 0.0
4 160 0 4 1 0.00028935185185185184
4 176 30 12 3 0.0008680555555555555
4 192 0 0 0 0.0
4 208 72 32 8 0.0023148148148148147
4 224 509 396 99 0.028645833333333332
4 240 1730 6884 1721 0.49797453703703703
[[0, 4, 1826, 5504, 1376], [16, 4, 845, 836, 209], [32, 4, 211, 124, 31], [48, 4, 50, 20, 5], [64, 4, 0, 4, 1], [80, 4, 0, 0, 0], [96, 4, 0, 4, 1], [112, 4, 0, 4, 1], [128, 4, 0, 0, 0], [144, 4, 0, 0, 0], [160, 4, 0, 4, 1], [176, 4, 30, 12, 3], [192, 4, 0, 0, 0], [208, 4, 72, 32, 8], [224, 4, 509, 396, 99], [240, 4, 1730, 6884, 1721]]
[0, 4, 1826, 5504, 1376]
[16, 4, 845, 836, 209]
[32, 4, 211, 124, 31]
[48, 4, 50, 20, 5]
[64, 4, 0, 4, 1]
[80, 4, 0, 0, 0]
[96, 4, 0, 4, 1]
[112, 4, 0, 4, 1]
[128, 4, 0, 0, 0]
[144, 4, 0, 0, 0]
[160, 4, 0, 4, 1]
[176, 4, 30, 12, 3]
[192, 4, 0, 0, 0]
[208, 4, 72, 32, 8]
[224, 4, 509, 396, 99]
[240, 4, 1730, 6884, 1721]
COMPSTATS:  27648  (in_bits)  19097  (apack_bits)  0.6907190393518519  (comp_ratio)  5.525752314814815  (bits_per_value)  5273  (symbol bits)  13824  (offset bits)  0.0018966729985550046  (search time) 
