INPUT FILE:  trace/mobilenet_v2/weight_43_flat.npy
ENCODED: 48345.570312
ENCODED: 47849.250000
ENCODED: 47849.250000
ENCODED: 47219.273438
ENCODED: 47219.273438
ENCODED: 47219.273438
4 0 4557 11188 2797 0.32372685185185185
5 16 2625 3690 738 0.08541666666666667
4 48 144 64 16 0.001851851851851852
4 64 80 32 8 0.000925925925925926
4 80 0 8 2 0.0002314814814814815
4 96 0 4 1 0.00011574074074074075
4 112 0 4 1 0.00011574074074074075
4 128 0 8 2 0.0002314814814814815
4 144 0 0 0 0.0
4 160 0 8 2 0.0002314814814814815
4 176 0 0 0 0.0
4 192 0 12 3 0.00034722222222222224
4 208 189 84 21 0.0024305555555555556
4 224 1689 1488 372 0.043055555555555555
3 240 2825 2526 842 0.09745370370370371
3 248 4488 11505 3835 0.44386574074074076
[[0, 4, 4557, 11188, 2797], [16, 5, 2625, 3690, 738], [48, 4, 144, 64, 16], [64, 4, 80, 32, 8], [80, 4, 0, 8, 2], [96, 4, 0, 4, 1], [112, 4, 0, 4, 1], [128, 4, 0, 8, 2], [144, 4, 0, 0, 0], [160, 4, 0, 8, 2], [176, 4, 0, 0, 0], [192, 4, 0, 12, 3], [208, 4, 189, 84, 21], [224, 4, 1689, 1488, 372], [240, 3, 2825, 2526, 842], [248, 3, 4488, 11505, 3835]]
[0, 4, 4557, 11188, 2797]
[16, 5, 2625, 3690, 738]
[48, 4, 144, 64, 16]
[64, 4, 80, 32, 8]
[80, 4, 0, 8, 2]
[96, 4, 0, 4, 1]
[112, 4, 0, 4, 1]
[128, 4, 0, 8, 2]
[144, 4, 0, 0, 0]
[160, 4, 0, 8, 2]
[176, 4, 0, 0, 0]
[192, 4, 0, 12, 3]
[208, 4, 189, 84, 21]
[224, 4, 1689, 1488, 372]
[240, 3, 2825, 2526, 842]
[248, 3, 4488, 11505, 3835]
COMPSTATS:  69120  (in_bits)  47218  (apack_bits)  0.683130787037037  (comp_ratio)  5.465046296296296  (bits_per_value)  16597  (symbol bits)  30621  (offset bits)  0.004856388011830859  (search time) 
