INPUT FILE:  trace/mobilenet_v2/weight_48_flat.npy
ENCODED: 918398.125000
ENCODED: 918398.125000
4 0 81488 237812 59453 0.38706380208333335
4 16 55962 72652 18163 0.11824869791666667
4 32 15011 10156 2539 0.016529947916666666
4 48 3239 1540 385 0.002506510416666667
4 64 0 244 61 0.0003971354166666667
4 80 0 40 10 6.510416666666667e-05
4 96 0 8 2 1.3020833333333334e-05
4 112 0 4 1 6.510416666666667e-06
4 128 0 4 1 6.510416666666667e-06
4 144 0 4 1 6.510416666666667e-06
4 160 0 20 5 3.255208333333333e-05
4 176 0 168 42 0.0002734375
4 192 2898 1288 322 0.0020963541666666665
4 208 13035 8420 2105 0.013704427083333333
4 224 50968 61528 15382 0.10014322916666667
4 240 81393 220512 55128 0.35890625
[[0, 4, 81488, 237812, 59453], [16, 4, 55962, 72652, 18163], [32, 4, 15011, 10156, 2539], [48, 4, 3239, 1540, 385], [64, 4, 0, 244, 61], [80, 4, 0, 40, 10], [96, 4, 0, 8, 2], [112, 4, 0, 4, 1], [128, 4, 0, 4, 1], [144, 4, 0, 4, 1], [160, 4, 0, 20, 5], [176, 4, 0, 168, 42], [192, 4, 2898, 1288, 322], [208, 4, 13035, 8420, 2105], [224, 4, 50968, 61528, 15382], [240, 4, 81393, 220512, 55128]]
[0, 4, 81488, 237812, 59453]
[16, 4, 55962, 72652, 18163]
[32, 4, 15011, 10156, 2539]
[48, 4, 3239, 1540, 385]
[64, 4, 0, 244, 61]
[80, 4, 0, 40, 10]
[96, 4, 0, 8, 2]
[112, 4, 0, 4, 1]
[128, 4, 0, 4, 1]
[144, 4, 0, 4, 1]
[160, 4, 0, 20, 5]
[176, 4, 0, 168, 42]
[192, 4, 2898, 1288, 322]
[208, 4, 13035, 8420, 2105]
[224, 4, 50968, 61528, 15382]
[240, 4, 81393, 220512, 55128]
COMPSTATS:  1228800  (in_bits)  918394  (apack_bits)  0.7473909505208334  (comp_ratio)  5.979127604166667  (bits_per_value)  303994  (symbol bits)  614400  (offset bits)  0.03454015700845048  (search time) 
