INPUT FILE:  trace/mobilenet_v2/weight_20_flat.npy
ENCODED: 82603.390625
ENCODED: 82603.390625
4 0 6105 12040 3010 0.24495442708333334
4 16 5213 7892 1973 0.16056315104166666
4 32 3316 3464 866 0.07047526041666667
4 48 1570 1160 290 0.023600260416666668
4 64 625 348 87 0.007080078125
4 80 160 64 16 0.0013020833333333333
4 96 0 16 4 0.0003255208333333333
4 112 0 4 1 8.138020833333333e-05
4 128 0 0 0 0.0
4 144 0 16 4 0.0003255208333333333
4 160 110 44 11 0.0008951822916666666
4 176 596 332 83 0.006754557291666667
4 192 1418 1012 253 0.020589192708333332
4 208 3090 3108 777 0.063232421875
4 224 5160 7760 1940 0.15787760416666666
4 240 6082 11892 2973 0.241943359375
[[0, 4, 6105, 12040, 3010], [16, 4, 5213, 7892, 1973], [32, 4, 3316, 3464, 866], [48, 4, 1570, 1160, 290], [64, 4, 625, 348, 87], [80, 4, 160, 64, 16], [96, 4, 0, 16, 4], [112, 4, 0, 4, 1], [128, 4, 0, 0, 0], [144, 4, 0, 16, 4], [160, 4, 110, 44, 11], [176, 4, 596, 332, 83], [192, 4, 1418, 1012, 253], [208, 4, 3090, 3108, 777], [224, 4, 5160, 7760, 1940], [240, 4, 6082, 11892, 2973]]
[0, 4, 6105, 12040, 3010]
[16, 4, 5213, 7892, 1973]
[32, 4, 3316, 3464, 866]
[48, 4, 1570, 1160, 290]
[64, 4, 625, 348, 87]
[80, 4, 160, 64, 16]
[96, 4, 0, 16, 4]
[112, 4, 0, 4, 1]
[128, 4, 0, 0, 0]
[144, 4, 0, 16, 4]
[160, 4, 110, 44, 11]
[176, 4, 596, 332, 83]
[192, 4, 1418, 1012, 253]
[208, 4, 3090, 3108, 777]
[224, 4, 5160, 7760, 1940]
[240, 4, 6082, 11892, 2973]
COMPSTATS:  98304  (in_bits)  82597  (apack_bits)  0.8402201334635416  (comp_ratio)  6.721761067708333  (bits_per_value)  33445  (symbol bits)  49152  (offset bits)  0.0036106350016780198  (search time) 
