INPUT FILE:  trace/mobilenet_v2/weight_0_flat.npy
ENCODED: 5467.719727
ENCODED: 5206.820312
ENCODED: 5206.820312
ENCODED: 5206.820312
0 0 412 0 186 0.2152777777777778
5 1 453 1365 273 0.3159722222222222
4 32 144 120 30 0.034722222222222224
4 48 69 44 11 0.01273148148148148
4 64 43 24 6 0.006944444444444444
4 80 30 16 4 0.004629629629629629
4 96 18 8 2 0.0023148148148148147
4 112 43 24 6 0.006944444444444444
4 128 30 16 4 0.004629629629629629
4 144 10 4 1 0.0011574074074074073
4 160 18 8 2 0.0023148148148148147
4 176 58 36 9 0.010416666666666666
4 192 64 40 10 0.011574074074074073
4 208 148 124 31 0.03587962962962963
4 224 240 256 64 0.07407407407407407
4 240 436 900 225 0.2604166666666667
[[0, 0, 412, 0, 186], [1, 5, 453, 1365, 273], [32, 4, 144, 120, 30], [48, 4, 69, 44, 11], [64, 4, 43, 24, 6], [80, 4, 30, 16, 4], [96, 4, 18, 8, 2], [112, 4, 43, 24, 6], [128, 4, 30, 16, 4], [144, 4, 10, 4, 1], [160, 4, 18, 8, 2], [176, 4, 58, 36, 9], [192, 4, 64, 40, 10], [208, 4, 148, 124, 31], [224, 4, 240, 256, 64], [240, 4, 436, 900, 225]]
[0, 0, 412, 0, 186]
[1, 5, 453, 1365, 273]
[32, 4, 144, 120, 30]
[48, 4, 69, 44, 11]
[64, 4, 43, 24, 6]
[80, 4, 30, 16, 4]
[96, 4, 18, 8, 2]
[112, 4, 43, 24, 6]
[128, 4, 30, 16, 4]
[144, 4, 10, 4, 1]
[160, 4, 18, 8, 2]
[176, 4, 58, 36, 9]
[192, 4, 64, 40, 10]
[208, 4, 148, 124, 31]
[224, 4, 240, 256, 64]
[240, 4, 436, 900, 225]
COMPSTATS:  6912  (in_bits)  5201  (apack_bits)  0.7524594907407407  (comp_ratio)  6.019675925925926  (bits_per_value)  2216  (symbol bits)  2985  (offset bits)  0.0037181170046096668  (search time) 
