INPUT FILE:  trace/mobilenet_v2/weight_28_flat.npy
ENCODED: 22031.587891
ENCODED: 22031.587891
4 0 1812 4320 1080 0.3125
4 16 1252 1620 405 0.1171875
4 32 760 712 178 0.05150462962962963
4 48 416 304 76 0.02199074074074074
4 64 172 96 24 0.006944444444444444
4 80 72 32 8 0.0023148148148148147
4 96 0 4 1 0.00028935185185185184
4 112 30 12 3 0.0008680555555555555
4 128 0 4 1 0.00028935185185185184
4 144 20 8 2 0.0005787037037037037
4 160 40 16 4 0.0011574074074074073
4 176 54 24 6 0.001736111111111111
4 192 130 68 17 0.004918981481481482
4 208 482 372 93 0.026909722222222224
4 224 1129 1340 335 0.09693287037037036
4 240 1834 4892 1223 0.3538773148148148
[[0, 4, 1812, 4320, 1080], [16, 4, 1252, 1620, 405], [32, 4, 760, 712, 178], [48, 4, 416, 304, 76], [64, 4, 172, 96, 24], [80, 4, 72, 32, 8], [96, 4, 0, 4, 1], [112, 4, 30, 12, 3], [128, 4, 0, 4, 1], [144, 4, 20, 8, 2], [160, 4, 40, 16, 4], [176, 4, 54, 24, 6], [192, 4, 130, 68, 17], [208, 4, 482, 372, 93], [224, 4, 1129, 1340, 335], [240, 4, 1834, 4892, 1223]]
[0, 4, 1812, 4320, 1080]
[16, 4, 1252, 1620, 405]
[32, 4, 760, 712, 178]
[48, 4, 416, 304, 76]
[64, 4, 172, 96, 24]
[80, 4, 72, 32, 8]
[96, 4, 0, 4, 1]
[112, 4, 30, 12, 3]
[128, 4, 0, 4, 1]
[144, 4, 20, 8, 2]
[160, 4, 40, 16, 4]
[176, 4, 54, 24, 6]
[192, 4, 130, 68, 17]
[208, 4, 482, 372, 93]
[224, 4, 1129, 1340, 335]
[240, 4, 1834, 4892, 1223]
COMPSTATS:  27648  (in_bits)  22027  (apack_bits)  0.7966941550925926  (comp_ratio)  6.3735532407407405  (bits_per_value)  8203  (symbol bits)  13824  (offset bits)  0.001917671994306147  (search time) 
