INPUT FILE:  trace/mobilenet_v2/weight_36_flat.npy
ENCODED: 328488.656250
ENCODED: 328488.656250
4 0 29323 86032 21508 0.38896122685185186
4 16 20009 25776 6444 0.11653645833333333
4 32 4825 3168 792 0.014322916666666666
4 48 530 212 53 0.0009584780092592593
4 64 0 8 2 3.616898148148148e-05
4 80 0 8 2 3.616898148148148e-05
4 96 0 8 2 3.616898148148148e-05
4 112 0 4 1 1.808449074074074e-05
4 128 0 0 0 0.0
4 144 0 0 0 0.0
4 160 0 8 2 3.616898148148148e-05
4 176 0 24 6 0.00010850694444444444
4 192 550 220 55 0.0009946469907407408
4 208 4131 2576 644 0.011646412037037037
4 224 18563 22504 5626 0.10174334490740741
4 240 29371 80636 20159 0.3645652488425926
[[0, 4, 29323, 86032, 21508], [16, 4, 20009, 25776, 6444], [32, 4, 4825, 3168, 792], [48, 4, 530, 212, 53], [64, 4, 0, 8, 2], [80, 4, 0, 8, 2], [96, 4, 0, 8, 2], [112, 4, 0, 4, 1], [128, 4, 0, 0, 0], [144, 4, 0, 0, 0], [160, 4, 0, 8, 2], [176, 4, 0, 24, 6], [192, 4, 550, 220, 55], [208, 4, 4131, 2576, 644], [224, 4, 18563, 22504, 5626], [240, 4, 29371, 80636, 20159]]
[0, 4, 29323, 86032, 21508]
[16, 4, 20009, 25776, 6444]
[32, 4, 4825, 3168, 792]
[48, 4, 530, 212, 53]
[64, 4, 0, 8, 2]
[80, 4, 0, 8, 2]
[96, 4, 0, 8, 2]
[112, 4, 0, 4, 1]
[128, 4, 0, 0, 0]
[144, 4, 0, 0, 0]
[160, 4, 0, 8, 2]
[176, 4, 0, 24, 6]
[192, 4, 550, 220, 55]
[208, 4, 4131, 2576, 644]
[224, 4, 18563, 22504, 5626]
[240, 4, 29371, 80636, 20159]
COMPSTATS:  442368  (in_bits)  328486  (apack_bits)  0.7425627531828703  (comp_ratio)  5.940502025462963  (bits_per_value)  107302  (symbol bits)  221184  (offset bits)  0.012704127992037684  (search time) 
