INPUT FILE:  trace/mobilenet_v2/weight_5_flat.npy
ENCODED: 16310.085938
ENCODED: 16301.839844
5 0 1222 4130 826 0.3585069444444444
4 32 678 752 188 0.08159722222222222
4 48 437 380 95 0.04123263888888889
4 64 230 156 39 0.016927083333333332
4 80 115 64 16 0.006944444444444444
4 96 80 40 10 0.004340277777777778
4 112 36 16 4 0.001736111111111111
4 128 30 12 3 0.0013020833333333333
4 144 0 4 1 0.00043402777777777775
2 156 36 8 4 0.001736111111111111
4 160 92 48 12 0.005208333333333333
4 176 222 148 37 0.016059027777777776
4 192 410 348 87 0.037760416666666664
4 208 669 732 183 0.07942708333333333
4 224 938 1360 340 0.14756944444444445
4 240 1068 1836 459 0.19921875
[[0, 5, 1222, 4130, 826], [32, 4, 678, 752, 188], [48, 4, 437, 380, 95], [64, 4, 230, 156, 39], [80, 4, 115, 64, 16], [96, 4, 80, 40, 10], [112, 4, 36, 16, 4], [128, 4, 30, 12, 3], [144, 4, 0, 4, 1], [156, 2, 36, 8, 4], [160, 4, 92, 48, 12], [176, 4, 222, 148, 37], [192, 4, 410, 348, 87], [208, 4, 669, 732, 183], [224, 4, 938, 1360, 340], [240, 4, 1068, 1836, 459]]
[0, 5, 1222, 4130, 826]
[32, 4, 678, 752, 188]
[48, 4, 437, 380, 95]
[64, 4, 230, 156, 39]
[80, 4, 115, 64, 16]
[96, 4, 80, 40, 10]
[112, 4, 36, 16, 4]
[128, 4, 30, 12, 3]
[144, 4, 0, 4, 1]
[156, 2, 36, 8, 4]
[160, 4, 92, 48, 12]
[176, 4, 222, 148, 37]
[192, 4, 410, 348, 87]
[208, 4, 669, 732, 183]
[224, 4, 938, 1360, 340]
[240, 4, 1068, 1836, 459]
COMPSTATS:  18432  (in_bits)  16297  (apack_bits)  0.8841688368055556  (comp_ratio)  7.073350694444445  (bits_per_value)  6263  (symbol bits)  10034  (offset bits)  0.0018345799908274785  (search time) 
