INPUT FILE:  trace/mobilenet_v2/weight_50_flat.npy
ENCODED: 2073335.000000
ENCODED: 2073335.000000
4 0 151262 291564 72891 0.237275390625
4 16 130717 199852 49963 0.16263997395833332
4 32 86368 93004 23251 0.07568684895833333
4 48 41887 31616 7904 0.025729166666666668
4 64 13858 7476 1869 0.006083984375
4 80 2920 1168 292 0.0009505208333333334
4 96 0 164 41 0.00013346354166666666
4 112 0 20 5 1.6276041666666666e-05
4 128 0 24 6 1.953125e-05
4 144 0 128 32 0.00010416666666666667
4 160 2800 1120 280 0.0009114583333333333
4 176 12077 6292 1573 0.005120442708333333
4 192 39681 29312 7328 0.023854166666666666
4 208 83961 88144 22036 0.07173177083333333
4 224 128446 191204 47801 0.15560221354166667
4 240 150553 287712 71928 0.234140625
[[0, 4, 151262, 291564, 72891], [16, 4, 130717, 199852, 49963], [32, 4, 86368, 93004, 23251], [48, 4, 41887, 31616, 7904], [64, 4, 13858, 7476, 1869], [80, 4, 2920, 1168, 292], [96, 4, 0, 164, 41], [112, 4, 0, 20, 5], [128, 4, 0, 24, 6], [144, 4, 0, 128, 32], [160, 4, 2800, 1120, 280], [176, 4, 12077, 6292, 1573], [192, 4, 39681, 29312, 7328], [208, 4, 83961, 88144, 22036], [224, 4, 128446, 191204, 47801], [240, 4, 150553, 287712, 71928]]
[0, 4, 151262, 291564, 72891]
[16, 4, 130717, 199852, 49963]
[32, 4, 86368, 93004, 23251]
[48, 4, 41887, 31616, 7904]
[64, 4, 13858, 7476, 1869]
[80, 4, 2920, 1168, 292]
[96, 4, 0, 164, 41]
[112, 4, 0, 20, 5]
[128, 4, 0, 24, 6]
[144, 4, 0, 128, 32]
[160, 4, 2800, 1120, 280]
[176, 4, 12077, 6292, 1573]
[192, 4, 39681, 29312, 7328]
[208, 4, 83961, 88144, 22036]
[224, 4, 128446, 191204, 47801]
[240, 4, 150553, 287712, 71928]
COMPSTATS:  2457600  (in_bits)  2073330  (apack_bits)  0.84364013671875  (comp_ratio)  6.74912109375  (bits_per_value)  844530  (symbol bits)  1228800  (offset bits)  0.07077748300798703  (search time) 
