INPUT FILE:  trace/mobilenet_v2/weight_21_flat.npy
ENCODED: 159636.765625
ENCODED: 159636.765625
4 0 12763 28904 7226 0.2940266927083333
4 16 10104 14788 3697 0.15043131510416666
4 32 5192 4768 1192 0.048502604166666664
4 48 2012 1300 325 0.013224283854166666
4 64 784 392 98 0.003987630208333333
4 80 240 96 24 0.0009765625
4 96 0 28 7 0.0002848307291666667
4 112 0 12 3 0.0001220703125
4 128 0 8 2 8.138020833333333e-05
4 144 0 40 10 0.0004069010416666667
4 160 190 76 19 0.0007731119791666666
4 176 656 312 78 0.003173828125
4 192 1921 1220 305 0.012410481770833334
4 208 4937 4412 1103 0.044881184895833336
4 224 9869 14048 3512 0.14290364583333334
4 240 12660 27900 6975 0.2838134765625
[[0, 4, 12763, 28904, 7226], [16, 4, 10104, 14788, 3697], [32, 4, 5192, 4768, 1192], [48, 4, 2012, 1300, 325], [64, 4, 784, 392, 98], [80, 4, 240, 96, 24], [96, 4, 0, 28, 7], [112, 4, 0, 12, 3], [128, 4, 0, 8, 2], [144, 4, 0, 40, 10], [160, 4, 190, 76, 19], [176, 4, 656, 312, 78], [192, 4, 1921, 1220, 305], [208, 4, 4937, 4412, 1103], [224, 4, 9869, 14048, 3512], [240, 4, 12660, 27900, 6975]]
[0, 4, 12763, 28904, 7226]
[16, 4, 10104, 14788, 3697]
[32, 4, 5192, 4768, 1192]
[48, 4, 2012, 1300, 325]
[64, 4, 784, 392, 98]
[80, 4, 240, 96, 24]
[96, 4, 0, 28, 7]
[112, 4, 0, 12, 3]
[128, 4, 0, 8, 2]
[144, 4, 0, 40, 10]
[160, 4, 190, 76, 19]
[176, 4, 656, 312, 78]
[192, 4, 1921, 1220, 305]
[208, 4, 4937, 4412, 1103]
[224, 4, 9869, 14048, 3512]
[240, 4, 12660, 27900, 6975]
COMPSTATS:  196608  (in_bits)  159632  (apack_bits)  0.8119303385416666  (comp_ratio)  6.495442708333333  (bits_per_value)  61328  (symbol bits)  98304  (offset bits)  0.006162828009109944  (search time) 
