INPUT FILE:  trace/mobilenet_v2/weight_29_flat.npy
ENCODED: 153907.437500
ENCODED: 153907.437500
4 0 12984 32828 8207 0.3339436848958333
4 16 10023 14568 3642 0.148193359375
4 32 4386 3692 923 0.037556966145833336
4 48 1067 576 144 0.005859375
4 64 280 112 28 0.0011393229166666667
4 80 0 8 2 8.138020833333333e-05
4 96 0 8 2 8.138020833333333e-05
4 112 0 0 0 0.0
4 128 0 8 2 8.138020833333333e-05
4 144 0 12 3 0.0001220703125
4 160 0 4 1 4.0690104166666664e-05
4 176 140 56 14 0.0005696614583333334
4 192 808 404 101 0.004109700520833333
4 208 3804 3016 754 0.030680338541666668
4 224 9225 12300 3075 0.1251220703125
4 240 12884 30712 7678 0.3124186197916667
[[0, 4, 12984, 32828, 8207], [16, 4, 10023, 14568, 3642], [32, 4, 4386, 3692, 923], [48, 4, 1067, 576, 144], [64, 4, 280, 112, 28], [80, 4, 0, 8, 2], [96, 4, 0, 8, 2], [112, 4, 0, 0, 0], [128, 4, 0, 8, 2], [144, 4, 0, 12, 3], [160, 4, 0, 4, 1], [176, 4, 140, 56, 14], [192, 4, 808, 404, 101], [208, 4, 3804, 3016, 754], [224, 4, 9225, 12300, 3075], [240, 4, 12884, 30712, 7678]]
[0, 4, 12984, 32828, 8207]
[16, 4, 10023, 14568, 3642]
[32, 4, 4386, 3692, 923]
[48, 4, 1067, 576, 144]
[64, 4, 280, 112, 28]
[80, 4, 0, 8, 2]
[96, 4, 0, 8, 2]
[112, 4, 0, 0, 0]
[128, 4, 0, 8, 2]
[144, 4, 0, 12, 3]
[160, 4, 0, 4, 1]
[176, 4, 140, 56, 14]
[192, 4, 808, 404, 101]
[208, 4, 3804, 3016, 754]
[224, 4, 9225, 12300, 3075]
[240, 4, 12884, 30712, 7678]
COMPSTATS:  196608  (in_bits)  153905  (apack_bits)  0.7828013102213541  (comp_ratio)  6.262410481770833  (bits_per_value)  55601  (symbol bits)  98304  (offset bits)  0.006314911006484181  (search time) 
