INPUT FILE:  trace/mobilenet_v2/weight_42_flat.npy
ENCODED: 895942.875000
ENCODED: 895942.875000
4 0 81178 249200 62300 0.4055989583333333
4 16 50795 61060 15265 0.09938151041666667
4 32 10357 6204 1551 0.01009765625
4 48 1090 436 109 0.0007096354166666667
4 64 0 40 10 6.510416666666667e-05
4 80 0 8 2 1.3020833333333334e-05
4 96 0 0 0 0.0
4 112 0 0 0 0.0
4 128 0 8 2 1.3020833333333334e-05
4 144 0 0 0 0.0
4 160 0 0 0 0.0
4 176 0 20 5 3.255208333333333e-05
4 192 0 280 70 0.0004557291666666667
4 208 9644 5648 1412 0.009192708333333334
4 224 47144 53508 13377 0.08708984375
4 240 81332 237988 59497 0.38735026041666665
[[0, 4, 81178, 249200, 62300], [16, 4, 50795, 61060, 15265], [32, 4, 10357, 6204, 1551], [48, 4, 1090, 436, 109], [64, 4, 0, 40, 10], [80, 4, 0, 8, 2], [96, 4, 0, 0, 0], [112, 4, 0, 0, 0], [128, 4, 0, 8, 2], [144, 4, 0, 0, 0], [160, 4, 0, 0, 0], [176, 4, 0, 20, 5], [192, 4, 0, 280, 70], [208, 4, 9644, 5648, 1412], [224, 4, 47144, 53508, 13377], [240, 4, 81332, 237988, 59497]]
[0, 4, 81178, 249200, 62300]
[16, 4, 50795, 61060, 15265]
[32, 4, 10357, 6204, 1551]
[48, 4, 1090, 436, 109]
[64, 4, 0, 40, 10]
[80, 4, 0, 8, 2]
[96, 4, 0, 0, 0]
[112, 4, 0, 0, 0]
[128, 4, 0, 8, 2]
[144, 4, 0, 0, 0]
[160, 4, 0, 0, 0]
[176, 4, 0, 20, 5]
[192, 4, 0, 280, 70]
[208, 4, 9644, 5648, 1412]
[224, 4, 47144, 53508, 13377]
[240, 4, 81332, 237988, 59497]
COMPSTATS:  1228800  (in_bits)  895940  (apack_bits)  0.7291178385416667  (comp_ratio)  5.832942708333333  (bits_per_value)  281540  (symbol bits)  614400  (offset bits)  0.03317070299817715  (search time) 
