INPUT FILE:  trace/mobilenet_v2/weight_4_flat.npy
ENCODED: 5641.295898
ENCODED: 5641.295898
4 0 450 1036 259 0.29976851851851855
4 16 242 260 65 0.07523148148148148
4 32 164 144 36 0.041666666666666664
4 48 116 88 22 0.02546296296296296
4 64 54 32 8 0.009259259259259259
4 80 58 36 9 0.010416666666666666
4 96 10 4 1 0.0011574074074074073
4 112 0 0 0 0.0
4 128 24 12 3 0.003472222222222222
4 144 18 8 2 0.0023148148148148147
4 160 37 20 5 0.005787037037037037
4 176 49 28 7 0.008101851851851851
4 192 74 48 12 0.013888888888888888
4 208 148 124 31 0.03587962962962963
4 224 278 328 82 0.09490740740740741
4 240 458 1288 322 0.3726851851851852
[[0, 4, 450, 1036, 259], [16, 4, 242, 260, 65], [32, 4, 164, 144, 36], [48, 4, 116, 88, 22], [64, 4, 54, 32, 8], [80, 4, 58, 36, 9], [96, 4, 10, 4, 1], [112, 4, 0, 0, 0], [128, 4, 24, 12, 3], [144, 4, 18, 8, 2], [160, 4, 37, 20, 5], [176, 4, 49, 28, 7], [192, 4, 74, 48, 12], [208, 4, 148, 124, 31], [224, 4, 278, 328, 82], [240, 4, 458, 1288, 322]]
[0, 4, 450, 1036, 259]
[16, 4, 242, 260, 65]
[32, 4, 164, 144, 36]
[48, 4, 116, 88, 22]
[64, 4, 54, 32, 8]
[80, 4, 58, 36, 9]
[96, 4, 10, 4, 1]
[112, 4, 0, 0, 0]
[128, 4, 24, 12, 3]
[144, 4, 18, 8, 2]
[160, 4, 37, 20, 5]
[176, 4, 49, 28, 7]
[192, 4, 74, 48, 12]
[208, 4, 148, 124, 31]
[224, 4, 278, 328, 82]
[240, 4, 458, 1288, 322]
COMPSTATS:  6912  (in_bits)  5636  (apack_bits)  0.8153935185185185  (comp_ratio)  6.523148148148148  (bits_per_value)  2180  (symbol bits)  3456  (offset bits)  0.0013992989988764748  (search time) 
