INPUT FILE:  trace/mobilenet_v2/weight_17_flat.npy
ENCODED: 41725.171875
ENCODED: 41725.171875
4 0 3025 5848 1462 0.23795572916666666
4 16 2609 3976 994 0.16178385416666666
4 32 1661 1744 436 0.07096354166666667
4 48 837 632 158 0.025716145833333332
4 64 387 232 58 0.009440104166666666
4 80 99 44 11 0.0017903645833333333
4 96 0 8 2 0.0003255208333333333
4 112 0 8 2 0.0003255208333333333
4 128 0 4 1 0.00016276041666666666
4 144 30 12 3 0.00048828125
4 160 126 56 14 0.0022786458333333335
4 176 343 196 49 0.007975260416666666
4 192 832 628 157 0.025553385416666668
4 208 1633 1688 422 0.06868489583333333
4 224 2562 3828 957 0.15576171875
4 240 3002 5672 1418 0.23079427083333334
[[0, 4, 3025, 5848, 1462], [16, 4, 2609, 3976, 994], [32, 4, 1661, 1744, 436], [48, 4, 837, 632, 158], [64, 4, 387, 232, 58], [80, 4, 99, 44, 11], [96, 4, 0, 8, 2], [112, 4, 0, 8, 2], [128, 4, 0, 4, 1], [144, 4, 30, 12, 3], [160, 4, 126, 56, 14], [176, 4, 343, 196, 49], [192, 4, 832, 628, 157], [208, 4, 1633, 1688, 422], [224, 4, 2562, 3828, 957], [240, 4, 3002, 5672, 1418]]
[0, 4, 3025, 5848, 1462]
[16, 4, 2609, 3976, 994]
[32, 4, 1661, 1744, 436]
[48, 4, 837, 632, 158]
[64, 4, 387, 232, 58]
[80, 4, 99, 44, 11]
[96, 4, 0, 8, 2]
[112, 4, 0, 8, 2]
[128, 4, 0, 4, 1]
[144, 4, 30, 12, 3]
[160, 4, 126, 56, 14]
[176, 4, 343, 196, 49]
[192, 4, 832, 628, 157]
[208, 4, 1633, 1688, 422]
[224, 4, 2562, 3828, 957]
[240, 4, 3002, 5672, 1418]
COMPSTATS:  49152  (in_bits)  41722  (apack_bits)  0.8488362630208334  (comp_ratio)  6.790690104166667  (bits_per_value)  17146  (symbol bits)  24576  (offset bits)  0.002492426006938331  (search time) 
