INPUT FILE:  trace/mobilenet_v2/weight_12_flat.npy
ENCODED: 41354.406250
ENCODED: 41354.406250
4 0 3110 6416 1604 0.2610677083333333
4 16 2491 3596 899 0.14632161458333334
4 32 1500 1484 371 0.060384114583333336
4 48 774 572 143 0.023274739583333332
4 64 350 200 50 0.008138020833333334
4 80 200 100 25 0.004069010416666667
4 96 60 24 6 0.0009765625
4 112 30 12 3 0.00048828125
4 128 0 4 1 0.00016276041666666666
4 144 50 20 5 0.0008138020833333334
4 160 126 56 14 0.0022786458333333335
4 176 387 232 58 0.009440104166666666
4 192 720 520 130 0.021158854166666668
4 208 1425 1368 342 0.0556640625
4 224 2428 3420 855 0.13916015625
4 240 3124 6552 1638 0.2666015625
[[0, 4, 3110, 6416, 1604], [16, 4, 2491, 3596, 899], [32, 4, 1500, 1484, 371], [48, 4, 774, 572, 143], [64, 4, 350, 200, 50], [80, 4, 200, 100, 25], [96, 4, 60, 24, 6], [112, 4, 30, 12, 3], [128, 4, 0, 4, 1], [144, 4, 50, 20, 5], [160, 4, 126, 56, 14], [176, 4, 387, 232, 58], [192, 4, 720, 520, 130], [208, 4, 1425, 1368, 342], [224, 4, 2428, 3420, 855], [240, 4, 3124, 6552, 1638]]
[0, 4, 3110, 6416, 1604]
[16, 4, 2491, 3596, 899]
[32, 4, 1500, 1484, 371]
[48, 4, 774, 572, 143]
[64, 4, 350, 200, 50]
[80, 4, 200, 100, 25]
[96, 4, 60, 24, 6]
[112, 4, 30, 12, 3]
[128, 4, 0, 4, 1]
[144, 4, 50, 20, 5]
[160, 4, 126, 56, 14]
[176, 4, 387, 232, 58]
[192, 4, 720, 520, 130]
[208, 4, 1425, 1368, 342]
[224, 4, 2428, 3420, 855]
[240, 4, 3124, 6552, 1638]
COMPSTATS:  49152  (in_bits)  41351  (apack_bits)  0.8412882486979166  (comp_ratio)  6.730305989583333  (bits_per_value)  16775  (symbol bits)  24576  (offset bits)  0.0024711949954507872  (search time) 
