INPUT FILE:  trace/mobilenet_v2/weight_16_flat.npy
ENCODED: 11126.397461
ENCODED: 11126.397461
4 0 876 1812 453 0.2621527777777778
4 16 581 708 177 0.10243055555555555
4 32 311 264 66 0.03819444444444445
4 48 196 140 35 0.02025462962962963
4 64 98 56 14 0.008101851851851851
4 80 74 40 10 0.005787037037037037
4 96 27 12 3 0.001736111111111111
4 112 10 4 1 0.0005787037037037037
4 128 27 12 3 0.001736111111111111
4 144 10 4 1 0.0005787037037037037
4 160 10 4 1 0.0005787037037037037
4 176 27 12 3 0.001736111111111111
4 192 113 68 17 0.009837962962962963
4 208 270 216 54 0.03125
4 224 666 916 229 0.13252314814814814
4 240 915 2644 661 0.38252314814814814
[[0, 4, 876, 1812, 453], [16, 4, 581, 708, 177], [32, 4, 311, 264, 66], [48, 4, 196, 140, 35], [64, 4, 98, 56, 14], [80, 4, 74, 40, 10], [96, 4, 27, 12, 3], [112, 4, 10, 4, 1], [128, 4, 27, 12, 3], [144, 4, 10, 4, 1], [160, 4, 10, 4, 1], [176, 4, 27, 12, 3], [192, 4, 113, 68, 17], [208, 4, 270, 216, 54], [224, 4, 666, 916, 229], [240, 4, 915, 2644, 661]]
[0, 4, 876, 1812, 453]
[16, 4, 581, 708, 177]
[32, 4, 311, 264, 66]
[48, 4, 196, 140, 35]
[64, 4, 98, 56, 14]
[80, 4, 74, 40, 10]
[96, 4, 27, 12, 3]
[112, 4, 10, 4, 1]
[128, 4, 27, 12, 3]
[144, 4, 10, 4, 1]
[160, 4, 10, 4, 1]
[176, 4, 27, 12, 3]
[192, 4, 113, 68, 17]
[208, 4, 270, 216, 54]
[224, 4, 666, 916, 229]
[240, 4, 915, 2644, 661]
COMPSTATS:  13824  (in_bits)  11123  (apack_bits)  0.8046151620370371  (comp_ratio)  6.436921296296297  (bits_per_value)  4211  (symbol bits)  6912  (offset bits)  0.001720874002785422  (search time) 
