INPUT FILE:  trace/mobilenet_v2/weight_31_flat.npy
ENCODED: 19936.826172
ENCODED: 19914.210938
3 0 1814 3252 1084 0.3136574074074074
5 8 1288 2140 428 0.12384259259259259
4 32 685 608 152 0.04398148148148148
4 48 235 144 36 0.010416666666666666
4 64 84 40 10 0.0028935185185185184
4 80 30 12 3 0.0008680555555555555
4 96 0 4 1 0.00028935185185185184
4 112 0 0 0 0.0
4 128 0 4 1 0.00028935185185185184
4 144 0 4 1 0.00028935185185185184
4 160 20 8 2 0.0005787037037037037
4 176 0 4 1 0.00028935185185185184
4 192 63 28 7 0.002025462962962963
4 208 148 80 20 0.005787037037037037
4 224 594 492 123 0.035590277777777776
4 240 1782 6348 1587 0.4592013888888889
[[0, 3, 1814, 3252, 1084], [8, 5, 1288, 2140, 428], [32, 4, 685, 608, 152], [48, 4, 235, 144, 36], [64, 4, 84, 40, 10], [80, 4, 30, 12, 3], [96, 4, 0, 4, 1], [112, 4, 0, 0, 0], [128, 4, 0, 4, 1], [144, 4, 0, 4, 1], [160, 4, 20, 8, 2], [176, 4, 0, 4, 1], [192, 4, 63, 28, 7], [208, 4, 148, 80, 20], [224, 4, 594, 492, 123], [240, 4, 1782, 6348, 1587]]
[0, 3, 1814, 3252, 1084]
[8, 5, 1288, 2140, 428]
[32, 4, 685, 608, 152]
[48, 4, 235, 144, 36]
[64, 4, 84, 40, 10]
[80, 4, 30, 12, 3]
[96, 4, 0, 4, 1]
[112, 4, 0, 0, 0]
[128, 4, 0, 4, 1]
[144, 4, 0, 4, 1]
[160, 4, 20, 8, 2]
[176, 4, 0, 4, 1]
[192, 4, 63, 28, 7]
[208, 4, 148, 80, 20]
[224, 4, 594, 492, 123]
[240, 4, 1782, 6348, 1587]
COMPSTATS:  27648  (in_bits)  19911  (apack_bits)  0.7201605902777778  (comp_ratio)  5.761284722222222  (bits_per_value)  6743  (symbol bits)  13168  (offset bits)  0.0018579250026959926  (search time) 
