INPUT FILE:  trace/mobilenet_v2/weight_34_flat.npy
ENCODED: 28613.582031
ENCODED: 28407.269531
5 0 2677 11785 2357 0.4546682098765432
4 32 379 232 58 0.011188271604938271
4 48 70 28 7 0.0013503086419753086
4 64 30 12 3 0.0005787037037037037
4 80 0 0 0 0.0
4 96 0 4 1 0.00019290123456790122
4 112 0 0 0 0.0
4 128 0 4 1 0.00019290123456790122
4 144 0 0 0 0.0
4 160 0 0 0 0.0
4 176 0 4 1 0.00019290123456790122
4 192 0 4 1 0.00019290123456790122
4 208 60 24 6 0.0011574074074074073
4 224 624 456 114 0.02199074074074074
3 240 1405 1107 369 0.07118055555555555
3 248 2702 6798 2266 0.4371141975308642
[[0, 5, 2677, 11785, 2357], [32, 4, 379, 232, 58], [48, 4, 70, 28, 7], [64, 4, 30, 12, 3], [80, 4, 0, 0, 0], [96, 4, 0, 4, 1], [112, 4, 0, 0, 0], [128, 4, 0, 4, 1], [144, 4, 0, 0, 0], [160, 4, 0, 0, 0], [176, 4, 0, 4, 1], [192, 4, 0, 4, 1], [208, 4, 60, 24, 6], [224, 4, 624, 456, 114], [240, 3, 1405, 1107, 369], [248, 3, 2702, 6798, 2266]]
[0, 5, 2677, 11785, 2357]
[32, 4, 379, 232, 58]
[48, 4, 70, 28, 7]
[64, 4, 30, 12, 3]
[80, 4, 0, 0, 0]
[96, 4, 0, 4, 1]
[112, 4, 0, 0, 0]
[128, 4, 0, 4, 1]
[144, 4, 0, 0, 0]
[160, 4, 0, 0, 0]
[176, 4, 0, 4, 1]
[192, 4, 0, 4, 1]
[208, 4, 60, 24, 6]
[224, 4, 624, 456, 114]
[240, 3, 1405, 1107, 369]
[248, 3, 2702, 6798, 2266]
COMPSTATS:  41472  (in_bits)  28405  (apack_bits)  0.6849199459876543  (comp_ratio)  5.479359567901234  (bits_per_value)  7947  (symbol bits)  20458  (offset bits)  0.002255095008877106  (search time) 
