INPUT FILE:  trace/mobilenet_v2/weight_35_flat.npy
ENCODED: 369571.000000
ENCODED: 369571.000000
4 0 27843 56476 14119 0.25533492476851855
4 16 23201 34888 8722 0.15773292824074073
4 32 14573 15060 3765 0.0680881076388889
4 48 6471 4672 1168 0.021122685185185185
4 64 2291 1236 309 0.005588107638888889
4 80 580 232 58 0.001048900462962963
4 96 0 64 16 0.00028935185185185184
4 112 0 0 0 0.0
4 128 0 40 10 0.0001808449074074074
4 144 0 60 15 0.0002712673611111111
4 160 710 284 71 0.0012839988425925927
4 176 2257 1176 294 0.005316840277777778
4 192 6218 4436 1109 0.020055700231481483
4 208 13885 13964 3491 0.06313295717592593
4 224 22651 33036 8259 0.1493598090277778
4 240 27701 55560 13890 0.2511935763888889
[[0, 4, 27843, 56476, 14119], [16, 4, 23201, 34888, 8722], [32, 4, 14573, 15060, 3765], [48, 4, 6471, 4672, 1168], [64, 4, 2291, 1236, 309], [80, 4, 580, 232, 58], [96, 4, 0, 64, 16], [112, 4, 0, 0, 0], [128, 4, 0, 40, 10], [144, 4, 0, 60, 15], [160, 4, 710, 284, 71], [176, 4, 2257, 1176, 294], [192, 4, 6218, 4436, 1109], [208, 4, 13885, 13964, 3491], [224, 4, 22651, 33036, 8259], [240, 4, 27701, 55560, 13890]]
[0, 4, 27843, 56476, 14119]
[16, 4, 23201, 34888, 8722]
[32, 4, 14573, 15060, 3765]
[48, 4, 6471, 4672, 1168]
[64, 4, 2291, 1236, 309]
[80, 4, 580, 232, 58]
[96, 4, 0, 64, 16]
[112, 4, 0, 0, 0]
[128, 4, 0, 40, 10]
[144, 4, 0, 60, 15]
[160, 4, 710, 284, 71]
[176, 4, 2257, 1176, 294]
[192, 4, 6218, 4436, 1109]
[208, 4, 13885, 13964, 3491]
[224, 4, 22651, 33036, 8259]
[240, 4, 27701, 55560, 13890]
COMPSTATS:  442368  (in_bits)  369565  (apack_bits)  0.8354243525752315  (comp_ratio)  6.683394820601852  (bits_per_value)  148381  (symbol bits)  221184  (offset bits)  0.013417328998912126  (search time) 
