INPUT FILE:  trace/mobilenet_v2/weight_15_flat.npy
ENCODED: 41393.152344
ENCODED: 41393.152344
4 0 3090 6304 1576 0.2565104166666667
4 16 2488 3580 895 0.14567057291666666
4 32 1528 1520 380 0.061848958333333336
4 48 860 656 164 0.026692708333333332
4 64 329 188 47 0.007649739583333333
4 80 117 52 13 0.0021158854166666665
4 96 30 12 3 0.00048828125
4 112 0 8 2 0.0003255208333333333
4 128 0 0 0 0.0
4 144 30 12 3 0.00048828125
4 160 99 44 11 0.0017903645833333333
4 176 329 188 47 0.007649739583333333
4 192 844 644 161 0.026204427083333332
4 208 1485 1460 365 0.059407552083333336
4 224 2488 3592 898 0.14615885416666666
4 240 3096 6316 1579 0.2569986979166667
[[0, 4, 3090, 6304, 1576], [16, 4, 2488, 3580, 895], [32, 4, 1528, 1520, 380], [48, 4, 860, 656, 164], [64, 4, 329, 188, 47], [80, 4, 117, 52, 13], [96, 4, 30, 12, 3], [112, 4, 0, 8, 2], [128, 4, 0, 0, 0], [144, 4, 30, 12, 3], [160, 4, 99, 44, 11], [176, 4, 329, 188, 47], [192, 4, 844, 644, 161], [208, 4, 1485, 1460, 365], [224, 4, 2488, 3592, 898], [240, 4, 3096, 6316, 1579]]
[0, 4, 3090, 6304, 1576]
[16, 4, 2488, 3580, 895]
[32, 4, 1528, 1520, 380]
[48, 4, 860, 656, 164]
[64, 4, 329, 188, 47]
[80, 4, 117, 52, 13]
[96, 4, 30, 12, 3]
[112, 4, 0, 8, 2]
[128, 4, 0, 0, 0]
[144, 4, 30, 12, 3]
[160, 4, 99, 44, 11]
[176, 4, 329, 188, 47]
[192, 4, 844, 644, 161]
[208, 4, 1485, 1460, 365]
[224, 4, 2488, 3592, 898]
[240, 4, 3096, 6316, 1579]
COMPSTATS:  49152  (in_bits)  41389  (apack_bits)  0.8420613606770834  (comp_ratio)  6.736490885416667  (bits_per_value)  16813  (symbol bits)  24576  (offset bits)  0.0024976059939945117  (search time) 
