INPUT FILE:  trace/mobilenet_v2/weight_51_flat.npy
ENCODED: 2729912.000000
ENCODED: 2729912.000000
4 0 204223 403860 100965 0.24649658203125
4 16 174423 266672 66668 0.162763671875
4 32 110887 116412 29103 0.07105224609375
4 48 46885 33444 8361 0.02041259765625
4 64 12152 6076 1519 0.00370849609375
4 80 0 796 199 0.00048583984375
4 96 0 100 25 6.103515625e-05
4 112 0 12 3 7.32421875e-06
4 128 0 16 4 9.765625e-06
4 144 0 88 22 5.37109375e-05
4 160 2200 880 220 0.000537109375
4 176 11832 5916 1479 0.00361083984375
4 192 44453 31316 7829 0.01911376953125
4 208 108291 111908 27977 0.06830322265625
4 224 172694 259676 64919 0.15849365234375
4 240 203468 401228 100307 0.24489013671875
[[0, 4, 204223, 403860, 100965], [16, 4, 174423, 266672, 66668], [32, 4, 110887, 116412, 29103], [48, 4, 46885, 33444, 8361], [64, 4, 12152, 6076, 1519], [80, 4, 0, 796, 199], [96, 4, 0, 100, 25], [112, 4, 0, 12, 3], [128, 4, 0, 16, 4], [144, 4, 0, 88, 22], [160, 4, 2200, 880, 220], [176, 4, 11832, 5916, 1479], [192, 4, 44453, 31316, 7829], [208, 4, 108291, 111908, 27977], [224, 4, 172694, 259676, 64919], [240, 4, 203468, 401228, 100307]]
[0, 4, 204223, 403860, 100965]
[16, 4, 174423, 266672, 66668]
[32, 4, 110887, 116412, 29103]
[48, 4, 46885, 33444, 8361]
[64, 4, 12152, 6076, 1519]
[80, 4, 0, 796, 199]
[96, 4, 0, 100, 25]
[112, 4, 0, 12, 3]
[128, 4, 0, 16, 4]
[144, 4, 0, 88, 22]
[160, 4, 2200, 880, 220]
[176, 4, 11832, 5916, 1479]
[192, 4, 44453, 31316, 7829]
[208, 4, 108291, 111908, 27977]
[224, 4, 172694, 259676, 64919]
[240, 4, 203468, 401228, 100307]
COMPSTATS:  3276800  (in_bits)  2729908  (apack_bits)  0.833101806640625  (comp_ratio)  6.664814453125  (bits_per_value)  1091508  (symbol bits)  1638400  (offset bits)  0.087733168998966  (search time) 
