INPUT FILE:  trace/mobilenet_v2/weight_47_flat.npy
ENCODED: 980329.375000
ENCODED: 980329.375000
4 0 80157 184492 46123 0.3002799479166667
4 16 64152 95496 23874 0.1554296875
4 32 30529 27088 6772 0.04408854166666667
4 48 8778 5016 1254 0.0081640625
4 64 1740 696 174 0.0011328125
4 80 0 76 19 0.00012369791666666668
4 96 0 4 1 6.510416666666667e-06
4 112 0 8 2 1.3020833333333334e-05
4 128 0 8 2 1.3020833333333334e-05
4 144 0 8 2 1.3020833333333334e-05
4 160 0 96 24 0.00015625
4 176 1580 632 158 0.0010286458333333332
4 192 7581 4216 1054 0.006861979166666666
4 208 28715 24928 6232 0.04057291666666667
4 224 62895 91416 22854 0.1487890625
4 240 79800 180220 45055 0.2933268229166667
[[0, 4, 80157, 184492, 46123], [16, 4, 64152, 95496, 23874], [32, 4, 30529, 27088, 6772], [48, 4, 8778, 5016, 1254], [64, 4, 1740, 696, 174], [80, 4, 0, 76, 19], [96, 4, 0, 4, 1], [112, 4, 0, 8, 2], [128, 4, 0, 8, 2], [144, 4, 0, 8, 2], [160, 4, 0, 96, 24], [176, 4, 1580, 632, 158], [192, 4, 7581, 4216, 1054], [208, 4, 28715, 24928, 6232], [224, 4, 62895, 91416, 22854], [240, 4, 79800, 180220, 45055]]
[0, 4, 80157, 184492, 46123]
[16, 4, 64152, 95496, 23874]
[32, 4, 30529, 27088, 6772]
[48, 4, 8778, 5016, 1254]
[64, 4, 1740, 696, 174]
[80, 4, 0, 76, 19]
[96, 4, 0, 4, 1]
[112, 4, 0, 8, 2]
[128, 4, 0, 8, 2]
[144, 4, 0, 8, 2]
[160, 4, 0, 96, 24]
[176, 4, 1580, 632, 158]
[192, 4, 7581, 4216, 1054]
[208, 4, 28715, 24928, 6232]
[224, 4, 62895, 91416, 22854]
[240, 4, 79800, 180220, 45055]
COMPSTATS:  1228800  (in_bits)  980327  (apack_bits)  0.7977921549479167  (comp_ratio)  6.382337239583333  (bits_per_value)  365927  (symbol bits)  614400  (offset bits)  0.03415823899558745  (search time) 
