INPUT FILE:  trace/mobilenet_v2/weight_40_flat.npy
ENCODED: 33620.335938
ENCODED: 33425.761719
5 0 2706 11285 2257 0.43537808641975306
4 32 1930 2564 641 0.12364969135802469
4 48 774 608 152 0.029320987654320986
4 64 134 64 16 0.0030864197530864196
4 80 72 32 8 0.0015432098765432098
4 96 0 4 1 0.00019290123456790122
4 112 30 12 3 0.0005787037037037037
4 128 0 0 0 0.0
4 144 0 8 2 0.00038580246913580245
4 160 0 8 2 0.00038580246913580245
4 176 50 20 5 0.0009645061728395061
4 192 117 56 14 0.002700617283950617
4 208 327 196 49 0.00945216049382716
4 224 2202 3356 839 0.16184413580246915
3 240 2377 3018 1006 0.19405864197530864
3 248 905 567 189 0.036458333333333336
[[0, 5, 2706, 11285, 2257], [32, 4, 1930, 2564, 641], [48, 4, 774, 608, 152], [64, 4, 134, 64, 16], [80, 4, 72, 32, 8], [96, 4, 0, 4, 1], [112, 4, 30, 12, 3], [128, 4, 0, 0, 0], [144, 4, 0, 8, 2], [160, 4, 0, 8, 2], [176, 4, 50, 20, 5], [192, 4, 117, 56, 14], [208, 4, 327, 196, 49], [224, 4, 2202, 3356, 839], [240, 3, 2377, 3018, 1006], [248, 3, 905, 567, 189]]
[0, 5, 2706, 11285, 2257]
[32, 4, 1930, 2564, 641]
[48, 4, 774, 608, 152]
[64, 4, 134, 64, 16]
[80, 4, 72, 32, 8]
[96, 4, 0, 4, 1]
[112, 4, 30, 12, 3]
[128, 4, 0, 0, 0]
[144, 4, 0, 8, 2]
[160, 4, 0, 8, 2]
[176, 4, 50, 20, 5]
[192, 4, 117, 56, 14]
[208, 4, 327, 196, 49]
[224, 4, 2202, 3356, 839]
[240, 3, 2377, 3018, 1006]
[248, 3, 905, 567, 189]
COMPSTATS:  41472  (in_bits)  33422  (apack_bits)  0.8058931327160493  (comp_ratio)  6.447145061728395  (bits_per_value)  11624  (symbol bits)  21798  (offset bits)  0.002348880996578373  (search time) 
