INPUT FILE:  trace/mobilenet_v2/weight_45_flat.npy
ENCODED: 953347.812500
ENCODED: 953347.812500
4 0 81260 208200 52050 0.3388671875
4 16 61200 86500 21625 0.14078776041666666
4 32 23835 19068 4767 0.03103515625
4 48 5343 2784 696 0.00453125
4 64 750 300 75 0.00048828125
4 80 0 24 6 3.90625e-05
4 96 0 8 2 1.3020833333333334e-05
4 112 0 4 1 6.510416666666667e-06
4 128 0 4 1 6.510416666666667e-06
4 144 0 8 2 1.3020833333333334e-05
4 160 0 36 9 5.859375e-05
4 176 0 288 72 0.00046875
4 192 5016 2508 627 0.00408203125
4 208 22378 17408 4352 0.028333333333333332
4 224 58183 78452 19613 0.12768880208333333
4 240 80980 198808 49702 0.3235807291666667
[[0, 4, 81260, 208200, 52050], [16, 4, 61200, 86500, 21625], [32, 4, 23835, 19068, 4767], [48, 4, 5343, 2784, 696], [64, 4, 750, 300, 75], [80, 4, 0, 24, 6], [96, 4, 0, 8, 2], [112, 4, 0, 4, 1], [128, 4, 0, 4, 1], [144, 4, 0, 8, 2], [160, 4, 0, 36, 9], [176, 4, 0, 288, 72], [192, 4, 5016, 2508, 627], [208, 4, 22378, 17408, 4352], [224, 4, 58183, 78452, 19613], [240, 4, 80980, 198808, 49702]]
[0, 4, 81260, 208200, 52050]
[16, 4, 61200, 86500, 21625]
[32, 4, 23835, 19068, 4767]
[48, 4, 5343, 2784, 696]
[64, 4, 750, 300, 75]
[80, 4, 0, 24, 6]
[96, 4, 0, 8, 2]
[112, 4, 0, 4, 1]
[128, 4, 0, 4, 1]
[144, 4, 0, 8, 2]
[160, 4, 0, 36, 9]
[176, 4, 0, 288, 72]
[192, 4, 5016, 2508, 627]
[208, 4, 22378, 17408, 4352]
[224, 4, 58183, 78452, 19613]
[240, 4, 80980, 198808, 49702]
COMPSTATS:  1228800  (in_bits)  953345  (apack_bits)  0.7758341471354167  (comp_ratio)  6.206673177083333  (bits_per_value)  338945  (symbol bits)  614400  (offset bits)  0.033785722000175156  (search time) 
