INPUT FILE:  trace/mobilenet_v2/weight_7_flat.npy
ENCODED: 8744.818359
ENCODED: 8744.818359
4 0 666 1440 360 0.2777777777777778
4 16 376 412 103 0.07947530864197531
4 32 313 308 77 0.05941358024691358
4 48 167 124 31 0.023919753086419752
4 64 141 100 25 0.019290123456790122
4 80 81 48 12 0.009259259259259259
4 96 27 12 3 0.0023148148148148147
4 112 40 20 5 0.0038580246913580245
4 128 33 16 4 0.0030864197530864196
4 144 33 16 4 0.0030864197530864196
4 160 46 24 6 0.004629629629629629
4 176 86 52 13 0.010030864197530864
4 192 130 88 22 0.016975308641975308
4 208 254 224 56 0.043209876543209874
4 224 478 628 157 0.12114197530864197
4 240 682 1672 418 0.32253086419753085
[[0, 4, 666, 1440, 360], [16, 4, 376, 412, 103], [32, 4, 313, 308, 77], [48, 4, 167, 124, 31], [64, 4, 141, 100, 25], [80, 4, 81, 48, 12], [96, 4, 27, 12, 3], [112, 4, 40, 20, 5], [128, 4, 33, 16, 4], [144, 4, 33, 16, 4], [160, 4, 46, 24, 6], [176, 4, 86, 52, 13], [192, 4, 130, 88, 22], [208, 4, 254, 224, 56], [224, 4, 478, 628, 157], [240, 4, 682, 1672, 418]]
[0, 4, 666, 1440, 360]
[16, 4, 376, 412, 103]
[32, 4, 313, 308, 77]
[48, 4, 167, 124, 31]
[64, 4, 141, 100, 25]
[80, 4, 81, 48, 12]
[96, 4, 27, 12, 3]
[112, 4, 40, 20, 5]
[128, 4, 33, 16, 4]
[144, 4, 33, 16, 4]
[160, 4, 46, 24, 6]
[176, 4, 86, 52, 13]
[192, 4, 130, 88, 22]
[208, 4, 254, 224, 56]
[224, 4, 478, 628, 157]
[240, 4, 682, 1672, 418]
COMPSTATS:  10368  (in_bits)  8737  (apack_bits)  0.8426890432098766  (comp_ratio)  6.741512345679013  (bits_per_value)  3553  (symbol bits)  5184  (offset bits)  0.0015055660041980445  (search time) 
