INPUT FILE:  trace/mobilenet_v2/weight_33_flat.npy
ENCODED: 362070.062500
ENCODED: 362070.062500
4 0 28444 62172 15543 0.2810872395833333
4 16 23023 34156 8539 0.15442346643518517
4 32 13179 12804 3201 0.05788845486111111
4 48 5002 3284 821 0.014847366898148149
4 64 1464 696 174 0.003146701388888889
4 80 320 128 32 0.0005787037037037037
4 96 0 40 10 0.0001808449074074074
4 112 0 0 0 0.0
4 128 0 4 1 1.808449074074074e-05
4 144 0 12 3 5.425347222222222e-05
4 160 350 140 35 0.0006329571759259259
4 176 1481 704 176 0.00318287037037037
4 192 4545 2936 734 0.013274016203703705
4 208 12281 11572 2893 0.052318431712962965
4 224 22581 32708 8177 0.14787688078703703
4 240 28212 59828 14957 0.27048972800925924
[[0, 4, 28444, 62172, 15543], [16, 4, 23023, 34156, 8539], [32, 4, 13179, 12804, 3201], [48, 4, 5002, 3284, 821], [64, 4, 1464, 696, 174], [80, 4, 320, 128, 32], [96, 4, 0, 40, 10], [112, 4, 0, 0, 0], [128, 4, 0, 4, 1], [144, 4, 0, 12, 3], [160, 4, 350, 140, 35], [176, 4, 1481, 704, 176], [192, 4, 4545, 2936, 734], [208, 4, 12281, 11572, 2893], [224, 4, 22581, 32708, 8177], [240, 4, 28212, 59828, 14957]]
[0, 4, 28444, 62172, 15543]
[16, 4, 23023, 34156, 8539]
[32, 4, 13179, 12804, 3201]
[48, 4, 5002, 3284, 821]
[64, 4, 1464, 696, 174]
[80, 4, 320, 128, 32]
[96, 4, 0, 40, 10]
[112, 4, 0, 0, 0]
[128, 4, 0, 4, 1]
[144, 4, 0, 12, 3]
[160, 4, 350, 140, 35]
[176, 4, 1481, 704, 176]
[192, 4, 4545, 2936, 734]
[208, 4, 12281, 11572, 2893]
[224, 4, 22581, 32708, 8177]
[240, 4, 28212, 59828, 14957]
COMPSTATS:  442368  (in_bits)  362066  (apack_bits)  0.8184724030671297  (comp_ratio)  6.547779224537037  (bits_per_value)  140882  (symbol bits)  221184  (offset bits)  0.013021815000684  (search time) 
