INPUT FILE:  trace/mobilenet_v2/weight_27_flat.npy
ENCODED: 166409.062500
ENCODED: 166409.062500
4 0 12233 24124 6031 0.24540201822916666
4 16 10329 15532 3883 0.15799967447916666
4 32 6747 7120 1780 0.07242838541666667
4 48 3594 2796 699 0.0284423828125
4 64 1265 704 176 0.007161458333333333
4 80 414 184 46 0.0018717447916666667
4 96 170 68 17 0.0006917317708333334
4 112 0 20 5 0.00020345052083333334
4 128 0 4 1 4.0690104166666664e-05
4 144 0 28 7 0.0002848307291666667
4 160 405 180 45 0.0018310546875
4 176 1316 752 188 0.007649739583333333
4 192 3081 2276 569 0.023152669270833332
4 208 6432 6612 1653 0.0672607421875
4 224 10002 14488 3622 0.14737955729166666
4 240 12113 23416 5854 0.23819986979166666
[[0, 4, 12233, 24124, 6031], [16, 4, 10329, 15532, 3883], [32, 4, 6747, 7120, 1780], [48, 4, 3594, 2796, 699], [64, 4, 1265, 704, 176], [80, 4, 414, 184, 46], [96, 4, 170, 68, 17], [112, 4, 0, 20, 5], [128, 4, 0, 4, 1], [144, 4, 0, 28, 7], [160, 4, 405, 180, 45], [176, 4, 1316, 752, 188], [192, 4, 3081, 2276, 569], [208, 4, 6432, 6612, 1653], [224, 4, 10002, 14488, 3622], [240, 4, 12113, 23416, 5854]]
[0, 4, 12233, 24124, 6031]
[16, 4, 10329, 15532, 3883]
[32, 4, 6747, 7120, 1780]
[48, 4, 3594, 2796, 699]
[64, 4, 1265, 704, 176]
[80, 4, 414, 184, 46]
[96, 4, 170, 68, 17]
[112, 4, 0, 20, 5]
[128, 4, 0, 4, 1]
[144, 4, 0, 28, 7]
[160, 4, 405, 180, 45]
[176, 4, 1316, 752, 188]
[192, 4, 3081, 2276, 569]
[208, 4, 6432, 6612, 1653]
[224, 4, 10002, 14488, 3622]
[240, 4, 12113, 23416, 5854]
COMPSTATS:  196608  (in_bits)  166405  (apack_bits)  0.8463795979817709  (comp_ratio)  6.771036783854167  (bits_per_value)  68101  (symbol bits)  98304  (offset bits)  0.007718527995166369  (search time) 
