INPUT FILE:  trace/mobilenet_v2/weight_26_flat.npy
ENCODED: 159041.859375
ENCODED: 159041.859375
4 0 12710 28472 7118 0.2896321614583333
4 16 10223 15116 3779 0.15376790364583334
4 32 5262 4832 1208 0.049153645833333336
4 48 1802 1124 281 0.011433919270833334
4 64 423 188 47 0.0019124348958333333
4 80 0 36 9 0.0003662109375
4 96 0 16 4 0.00016276041666666666
4 112 0 4 1 4.0690104166666664e-05
4 128 0 4 1 4.0690104166666664e-05
4 144 0 8 2 8.138020833333333e-05
4 160 120 48 12 0.00048828125
4 176 450 200 50 0.0020345052083333335
4 192 1792 1096 274 0.011149088541666666
4 208 5205 4780 1195 0.048624674479166664
4 224 10130 14876 3719 0.15132649739583334
4 240 12618 27504 6876 0.27978515625
[[0, 4, 12710, 28472, 7118], [16, 4, 10223, 15116, 3779], [32, 4, 5262, 4832, 1208], [48, 4, 1802, 1124, 281], [64, 4, 423, 188, 47], [80, 4, 0, 36, 9], [96, 4, 0, 16, 4], [112, 4, 0, 4, 1], [128, 4, 0, 4, 1], [144, 4, 0, 8, 2], [160, 4, 120, 48, 12], [176, 4, 450, 200, 50], [192, 4, 1792, 1096, 274], [208, 4, 5205, 4780, 1195], [224, 4, 10130, 14876, 3719], [240, 4, 12618, 27504, 6876]]
[0, 4, 12710, 28472, 7118]
[16, 4, 10223, 15116, 3779]
[32, 4, 5262, 4832, 1208]
[48, 4, 1802, 1124, 281]
[64, 4, 423, 188, 47]
[80, 4, 0, 36, 9]
[96, 4, 0, 16, 4]
[112, 4, 0, 4, 1]
[128, 4, 0, 4, 1]
[144, 4, 0, 8, 2]
[160, 4, 120, 48, 12]
[176, 4, 450, 200, 50]
[192, 4, 1792, 1096, 274]
[208, 4, 5205, 4780, 1195]
[224, 4, 10130, 14876, 3719]
[240, 4, 12618, 27504, 6876]
COMPSTATS:  196608  (in_bits)  159039  (apack_bits)  0.8089141845703125  (comp_ratio)  6.4713134765625  (bits_per_value)  60735  (symbol bits)  98304  (offset bits)  0.006422153994208202  (search time) 
