INPUT FILE:  trace/mobilenet_v2/weight_46_flat.npy
ENCODED: 49911.378906
ENCODED: 49911.378906
4 0 4588 12268 3067 0.35497685185185185
4 16 3111 4008 1002 0.11597222222222223
4 32 1003 716 179 0.020717592592592593
4 48 299 156 39 0.0045138888888888885
4 64 90 36 9 0.0010416666666666667
4 80 0 12 3 0.00034722222222222224
4 96 0 4 1 0.00011574074074074075
4 112 0 4 1 0.00011574074074074075
4 128 0 4 1 0.00011574074074074075
4 144 0 0 0 0.0
4 160 0 8 2 0.0002314814814814815
4 176 0 4 1 0.00011574074074074075
4 192 60 24 6 0.0006944444444444445
4 208 296 148 37 0.0042824074074074075
4 224 1451 1192 298 0.03449074074074074
4 240 4450 15976 3994 0.4622685185185185
[[0, 4, 4588, 12268, 3067], [16, 4, 3111, 4008, 1002], [32, 4, 1003, 716, 179], [48, 4, 299, 156, 39], [64, 4, 90, 36, 9], [80, 4, 0, 12, 3], [96, 4, 0, 4, 1], [112, 4, 0, 4, 1], [128, 4, 0, 4, 1], [144, 4, 0, 0, 0], [160, 4, 0, 8, 2], [176, 4, 0, 4, 1], [192, 4, 60, 24, 6], [208, 4, 296, 148, 37], [224, 4, 1451, 1192, 298], [240, 4, 4450, 15976, 3994]]
[0, 4, 4588, 12268, 3067]
[16, 4, 3111, 4008, 1002]
[32, 4, 1003, 716, 179]
[48, 4, 299, 156, 39]
[64, 4, 90, 36, 9]
[80, 4, 0, 12, 3]
[96, 4, 0, 4, 1]
[112, 4, 0, 4, 1]
[128, 4, 0, 4, 1]
[144, 4, 0, 0, 0]
[160, 4, 0, 8, 2]
[176, 4, 0, 4, 1]
[192, 4, 60, 24, 6]
[208, 4, 296, 148, 37]
[224, 4, 1451, 1192, 298]
[240, 4, 4450, 15976, 3994]
COMPSTATS:  69120  (in_bits)  49908  (apack_bits)  0.7220486111111111  (comp_ratio)  5.776388888888889  (bits_per_value)  15348  (symbol bits)  34560  (offset bits)  0.003040619005332701  (search time) 
