INPUT FILE:  trace/mobilenet_v2/weight_41_flat.npy
ENCODED: 616169.625000
ENCODED: 616169.625000
4 0 45894 91016 22754 0.2468967013888889
4 16 39288 60068 15017 0.16294487847222222
4 32 24929 26172 6543 0.07099609375
4 48 10981 7928 1982 0.02150607638888889
4 64 3032 1516 379 0.004112413194444445
4 80 890 356 89 0.0009657118055555556
4 96 0 60 15 0.00016276041666666666
4 112 0 12 3 3.255208333333333e-05
4 128 0 12 3 3.255208333333333e-05
4 144 0 60 15 0.00016276041666666666
4 160 670 268 67 0.0007269965277777778
4 176 3109 1620 405 0.00439453125
4 192 10531 7512 1878 0.020377604166666667
4 208 23752 24152 6038 0.06551649305555556
4 224 38562 57404 14351 0.15571831597222222
4 240 45885 90484 22621 0.24545355902777777
[[0, 4, 45894, 91016, 22754], [16, 4, 39288, 60068, 15017], [32, 4, 24929, 26172, 6543], [48, 4, 10981, 7928, 1982], [64, 4, 3032, 1516, 379], [80, 4, 890, 356, 89], [96, 4, 0, 60, 15], [112, 4, 0, 12, 3], [128, 4, 0, 12, 3], [144, 4, 0, 60, 15], [160, 4, 670, 268, 67], [176, 4, 3109, 1620, 405], [192, 4, 10531, 7512, 1878], [208, 4, 23752, 24152, 6038], [224, 4, 38562, 57404, 14351], [240, 4, 45885, 90484, 22621]]
[0, 4, 45894, 91016, 22754]
[16, 4, 39288, 60068, 15017]
[32, 4, 24929, 26172, 6543]
[48, 4, 10981, 7928, 1982]
[64, 4, 3032, 1516, 379]
[80, 4, 890, 356, 89]
[96, 4, 0, 60, 15]
[112, 4, 0, 12, 3]
[128, 4, 0, 12, 3]
[144, 4, 0, 60, 15]
[160, 4, 670, 268, 67]
[176, 4, 3109, 1620, 405]
[192, 4, 10531, 7512, 1878]
[208, 4, 23752, 24152, 6038]
[224, 4, 38562, 57404, 14351]
[240, 4, 45885, 90484, 22621]
COMPSTATS:  737280  (in_bits)  616163  (apack_bits)  0.8357245551215278  (comp_ratio)  6.685796440972222  (bits_per_value)  247523  (symbol bits)  368640  (offset bits)  0.020372897997731343  (search time) 
