INPUT FILE:  trace/mobilenet_v2/weight_22_flat.npy
ENCODED: 21030.607422
ENCODED: 21030.607422
4 0 1790 4044 1011 0.2925347222222222
4 16 864 864 216 0.0625
4 32 631 540 135 0.0390625
4 48 342 232 58 0.01678240740740741
4 64 155 84 21 0.006076388888888889
4 80 40 16 4 0.0011574074074074073
4 96 0 4 1 0.00028935185185185184
4 112 0 4 1 0.00028935185185185184
4 128 0 0 0 0.0
4 144 0 0 0 0.0
4 160 0 4 1 0.00028935185185185184
4 176 63 28 7 0.002025462962962963
4 192 122 64 16 0.004629629629629629
4 208 304 200 50 0.014467592592592593
4 224 1115 1312 328 0.09490740740740741
4 240 1776 6428 1607 0.46498842592592593
[[0, 4, 1790, 4044, 1011], [16, 4, 864, 864, 216], [32, 4, 631, 540, 135], [48, 4, 342, 232, 58], [64, 4, 155, 84, 21], [80, 4, 40, 16, 4], [96, 4, 0, 4, 1], [112, 4, 0, 4, 1], [128, 4, 0, 0, 0], [144, 4, 0, 0, 0], [160, 4, 0, 4, 1], [176, 4, 63, 28, 7], [192, 4, 122, 64, 16], [208, 4, 304, 200, 50], [224, 4, 1115, 1312, 328], [240, 4, 1776, 6428, 1607]]
[0, 4, 1790, 4044, 1011]
[16, 4, 864, 864, 216]
[32, 4, 631, 540, 135]
[48, 4, 342, 232, 58]
[64, 4, 155, 84, 21]
[80, 4, 40, 16, 4]
[96, 4, 0, 4, 1]
[112, 4, 0, 4, 1]
[128, 4, 0, 0, 0]
[144, 4, 0, 0, 0]
[160, 4, 0, 4, 1]
[176, 4, 63, 28, 7]
[192, 4, 122, 64, 16]
[208, 4, 304, 200, 50]
[224, 4, 1115, 1312, 328]
[240, 4, 1776, 6428, 1607]
COMPSTATS:  27648  (in_bits)  21026  (apack_bits)  0.7604890046296297  (comp_ratio)  6.083912037037037  (bits_per_value)  7202  (symbol bits)  13824  (offset bits)  0.0020852540037594736  (search time) 
