INPUT FILE:  trace/mobilenet_v2/weight_30_flat.npy
ENCODED: 163609.500000
ENCODED: 163609.500000
4 0 12354 25200 6300 0.25634765625
4 16 10143 14896 3724 0.15152994791666666
4 32 6012 5944 1486 0.060465494791666664
4 48 2657 1848 462 0.018798828125
4 64 1052 568 142 0.005777994791666667
4 80 270 108 27 0.0010986328125
4 96 0 28 7 0.0002848307291666667
4 112 0 12 3 0.0001220703125
4 128 0 12 3 0.0001220703125
4 144 0 32 8 0.0003255208333333333
4 160 320 128 32 0.0013020833333333333
4 176 998 520 130 0.005289713541666667
4 192 2691 1896 474 0.019287109375
4 208 6222 6292 1573 0.06400553385416667
4 224 10093 14772 3693 0.1502685546875
4 240 12489 26048 6512 0.2649739583333333
[[0, 4, 12354, 25200, 6300], [16, 4, 10143, 14896, 3724], [32, 4, 6012, 5944, 1486], [48, 4, 2657, 1848, 462], [64, 4, 1052, 568, 142], [80, 4, 270, 108, 27], [96, 4, 0, 28, 7], [112, 4, 0, 12, 3], [128, 4, 0, 12, 3], [144, 4, 0, 32, 8], [160, 4, 320, 128, 32], [176, 4, 998, 520, 130], [192, 4, 2691, 1896, 474], [208, 4, 6222, 6292, 1573], [224, 4, 10093, 14772, 3693], [240, 4, 12489, 26048, 6512]]
[0, 4, 12354, 25200, 6300]
[16, 4, 10143, 14896, 3724]
[32, 4, 6012, 5944, 1486]
[48, 4, 2657, 1848, 462]
[64, 4, 1052, 568, 142]
[80, 4, 270, 108, 27]
[96, 4, 0, 28, 7]
[112, 4, 0, 12, 3]
[128, 4, 0, 12, 3]
[144, 4, 0, 32, 8]
[160, 4, 320, 128, 32]
[176, 4, 998, 520, 130]
[192, 4, 2691, 1896, 474]
[208, 4, 6222, 6292, 1573]
[224, 4, 10093, 14772, 3693]
[240, 4, 12489, 26048, 6512]
COMPSTATS:  196608  (in_bits)  163605  (apack_bits)  0.8321380615234375  (comp_ratio)  6.6571044921875  (bits_per_value)  65301  (symbol bits)  98304  (offset bits)  0.006541882001329213  (search time) 
