INPUT FILE:  trace/mobilenet_v2/weight_49_flat.npy
ENCODED: 48178.851562
ENCODED: 48178.851562
4 0 2956 3644 911 0.10543981481481482
4 16 4451 15936 3984 0.46111111111111114
4 32 580 348 87 0.010069444444444445
4 48 100 40 10 0.0011574074074074073
4 64 0 4 1 0.00011574074074074075
4 80 0 4 1 0.00011574074074074075
4 96 0 0 0 0.0
4 112 0 8 2 0.0002314814814814815
4 128 0 0 0 0.0
4 144 0 0 0 0.0
4 160 0 8 2 0.0002314814814814815
4 176 0 4 1 0.00011574074074074075
4 192 0 8 2 0.0002314814814814815
4 208 0 12 3 0.00034722222222222224
4 224 965 680 170 0.019675925925925927
4 240 4564 13864 3466 0.4011574074074074
[[0, 4, 2956, 3644, 911], [16, 4, 4451, 15936, 3984], [32, 4, 580, 348, 87], [48, 4, 100, 40, 10], [64, 4, 0, 4, 1], [80, 4, 0, 4, 1], [96, 4, 0, 0, 0], [112, 4, 0, 8, 2], [128, 4, 0, 0, 0], [144, 4, 0, 0, 0], [160, 4, 0, 8, 2], [176, 4, 0, 4, 1], [192, 4, 0, 8, 2], [208, 4, 0, 12, 3], [224, 4, 965, 680, 170], [240, 4, 4564, 13864, 3466]]
[0, 4, 2956, 3644, 911]
[16, 4, 4451, 15936, 3984]
[32, 4, 580, 348, 87]
[48, 4, 100, 40, 10]
[64, 4, 0, 4, 1]
[80, 4, 0, 4, 1]
[96, 4, 0, 0, 0]
[112, 4, 0, 8, 2]
[128, 4, 0, 0, 0]
[144, 4, 0, 0, 0]
[160, 4, 0, 8, 2]
[176, 4, 0, 4, 1]
[192, 4, 0, 8, 2]
[208, 4, 0, 12, 3]
[224, 4, 965, 680, 170]
[240, 4, 4564, 13864, 3466]
COMPSTATS:  69120  (in_bits)  48176  (apack_bits)  0.6969907407407407  (comp_ratio)  5.575925925925926  (bits_per_value)  13616  (symbol bits)  34560  (offset bits)  0.003919313006917946  (search time) 
