INPUT FILE:  trace/mobilenet_v2/weight_9_flat.npy
ENCODED: 22726.943359
ENCODED: 22726.943359
4 0 1777 3884 971 0.28096064814814814
4 16 1388 1984 496 0.14351851851851852
4 32 736 676 169 0.048900462962962965
4 48 368 256 64 0.018518518518518517
4 64 112 56 14 0.004050925925925926
4 80 50 20 5 0.0014467592592592592
4 96 30 12 3 0.0008680555555555555
4 112 0 4 1 0.00028935185185185184
4 128 0 4 1 0.00028935185185185184
4 144 40 16 4 0.0011574074074074073
4 160 20 8 2 0.0005787037037037037
4 176 155 84 21 0.006076388888888889
4 192 324 216 54 0.015625
4 208 772 728 182 0.052662037037037035
4 224 1335 1828 457 0.1322337962962963
4 240 1792 4048 1012 0.29282407407407407
[[0, 4, 1777, 3884, 971], [16, 4, 1388, 1984, 496], [32, 4, 736, 676, 169], [48, 4, 368, 256, 64], [64, 4, 112, 56, 14], [80, 4, 50, 20, 5], [96, 4, 30, 12, 3], [112, 4, 0, 4, 1], [128, 4, 0, 4, 1], [144, 4, 40, 16, 4], [160, 4, 20, 8, 2], [176, 4, 155, 84, 21], [192, 4, 324, 216, 54], [208, 4, 772, 728, 182], [224, 4, 1335, 1828, 457], [240, 4, 1792, 4048, 1012]]
[0, 4, 1777, 3884, 971]
[16, 4, 1388, 1984, 496]
[32, 4, 736, 676, 169]
[48, 4, 368, 256, 64]
[64, 4, 112, 56, 14]
[80, 4, 50, 20, 5]
[96, 4, 30, 12, 3]
[112, 4, 0, 4, 1]
[128, 4, 0, 4, 1]
[144, 4, 40, 16, 4]
[160, 4, 20, 8, 2]
[176, 4, 155, 84, 21]
[192, 4, 324, 216, 54]
[208, 4, 772, 728, 182]
[224, 4, 1335, 1828, 457]
[240, 4, 1792, 4048, 1012]
COMPSTATS:  27648  (in_bits)  22723  (apack_bits)  0.8218677662037037  (comp_ratio)  6.57494212962963  (bits_per_value)  8899  (symbol bits)  13824  (offset bits)  0.001923627991345711  (search time) 
