INPUT FILE:  trace/mobilenet_v2/weight_24_flat.npy
ENCODED: 164582.453125
ENCODED: 164582.453125
4 0 12395 25496 6374 0.2593587239583333
4 16 10168 14984 3746 0.15242513020833334
4 32 6545 6764 1691 0.06880696614583333
4 48 2973 2172 543 0.0220947265625
4 64 1134 612 153 0.0062255859375
4 80 350 140 35 0.0014241536458333333
4 96 140 56 14 0.0005696614583333334
4 112 0 20 5 0.00020345052083333334
4 128 0 0 0 0.0
4 144 0 32 8 0.0003255208333333333
4 160 320 128 32 0.0013020833333333333
4 176 1127 608 152 0.006184895833333333
4 192 2809 2004 501 0.0203857421875
4 208 6050 6016 1504 0.061197916666666664
4 224 9942 14352 3588 0.14599609375
4 240 12320 24920 6230 0.2534993489583333
[[0, 4, 12395, 25496, 6374], [16, 4, 10168, 14984, 3746], [32, 4, 6545, 6764, 1691], [48, 4, 2973, 2172, 543], [64, 4, 1134, 612, 153], [80, 4, 350, 140, 35], [96, 4, 140, 56, 14], [112, 4, 0, 20, 5], [128, 4, 0, 0, 0], [144, 4, 0, 32, 8], [160, 4, 320, 128, 32], [176, 4, 1127, 608, 152], [192, 4, 2809, 2004, 501], [208, 4, 6050, 6016, 1504], [224, 4, 9942, 14352, 3588], [240, 4, 12320, 24920, 6230]]
[0, 4, 12395, 25496, 6374]
[16, 4, 10168, 14984, 3746]
[32, 4, 6545, 6764, 1691]
[48, 4, 2973, 2172, 543]
[64, 4, 1134, 612, 153]
[80, 4, 350, 140, 35]
[96, 4, 140, 56, 14]
[112, 4, 0, 20, 5]
[128, 4, 0, 0, 0]
[144, 4, 0, 32, 8]
[160, 4, 320, 128, 32]
[176, 4, 1127, 608, 152]
[192, 4, 2809, 2004, 501]
[208, 4, 6050, 6016, 1504]
[224, 4, 9942, 14352, 3588]
[240, 4, 12320, 24920, 6230]
COMPSTATS:  196608  (in_bits)  164577  (apack_bits)  0.8370819091796875  (comp_ratio)  6.6966552734375  (bits_per_value)  66273  (symbol bits)  98304  (offset bits)  0.0065053500002250075  (search time) 
