INPUT FILE:  trace/mobilenet_v2/weight_18_flat.npy
ENCODED: 40691.863281
ENCODED: 40691.863281
4 0 3176 7076 1769 0.2879231770833333
4 16 2373 3260 815 0.13264973958333334
4 32 1457 1416 354 0.0576171875
4 48 629 432 108 0.017578125
4 64 302 168 42 0.0068359375
4 80 90 40 10 0.0016276041666666667
4 96 0 8 2 0.0003255208333333333
4 112 0 4 1 0.00016276041666666666
4 128 0 0 0 0.0
4 144 0 4 1 0.00016276041666666666
4 160 90 40 10 0.0016276041666666667
4 176 245 128 32 0.005208333333333333
4 192 692 488 122 0.019856770833333332
4 208 1509 1492 373 0.060709635416666664
4 224 2419 3384 846 0.1376953125
4 240 3129 6636 1659 0.27001953125
[[0, 4, 3176, 7076, 1769], [16, 4, 2373, 3260, 815], [32, 4, 1457, 1416, 354], [48, 4, 629, 432, 108], [64, 4, 302, 168, 42], [80, 4, 90, 40, 10], [96, 4, 0, 8, 2], [112, 4, 0, 4, 1], [128, 4, 0, 0, 0], [144, 4, 0, 4, 1], [160, 4, 90, 40, 10], [176, 4, 245, 128, 32], [192, 4, 692, 488, 122], [208, 4, 1509, 1492, 373], [224, 4, 2419, 3384, 846], [240, 4, 3129, 6636, 1659]]
[0, 4, 3176, 7076, 1769]
[16, 4, 2373, 3260, 815]
[32, 4, 1457, 1416, 354]
[48, 4, 629, 432, 108]
[64, 4, 302, 168, 42]
[80, 4, 90, 40, 10]
[96, 4, 0, 8, 2]
[112, 4, 0, 4, 1]
[128, 4, 0, 0, 0]
[144, 4, 0, 4, 1]
[160, 4, 90, 40, 10]
[176, 4, 245, 128, 32]
[192, 4, 692, 488, 122]
[208, 4, 1509, 1492, 373]
[224, 4, 2419, 3384, 846]
[240, 4, 3129, 6636, 1659]
COMPSTATS:  49152  (in_bits)  40687  (apack_bits)  0.8277791341145834  (comp_ratio)  6.622233072916667  (bits_per_value)  16111  (symbol bits)  24576  (offset bits)  0.0024732510064495727  (search time) 
