INPUT FILE:  trace/mobilenet_v3_large/input_6_flat.npy
ENCODED: 34815.253906
ENCODED: 29843.115234
ENCODED: 29843.115234
ENCODED: 29843.115234
3 0 743 24336 8112 0.9388888888888889
5 8 2123 2640 528 0.06111111111111111
4 32 0 0 0 0.0
4 48 0 0 0 0.0
4 64 0 0 0 0.0
4 80 0 0 0 0.0
4 96 0 0 0 0.0
4 112 0 0 0 0.0
4 128 0 0 0 0.0
4 144 0 0 0 0.0
4 160 0 0 0 0.0
4 176 0 0 0 0.0
4 192 0 0 0 0.0
4 208 0 0 0 0.0
4 224 0 0 0 0.0
4 240 0 0 0 0.0
[[0, 3, 743, 24336, 8112], [8, 5, 2123, 2640, 528], [32, 4, 0, 0, 0], [48, 4, 0, 0, 0], [64, 4, 0, 0, 0], [80, 4, 0, 0, 0], [96, 4, 0, 0, 0], [112, 4, 0, 0, 0], [128, 4, 0, 0, 0], [144, 4, 0, 0, 0], [160, 4, 0, 0, 0], [176, 4, 0, 0, 0], [192, 4, 0, 0, 0], [208, 4, 0, 0, 0], [224, 4, 0, 0, 0], [240, 4, 0, 0, 0]]
[0, 3, 743, 24336, 8112]
[8, 5, 2123, 2640, 528]
[32, 4, 0, 0, 0]
[48, 4, 0, 0, 0]
[64, 4, 0, 0, 0]
[80, 4, 0, 0, 0]
[96, 4, 0, 0, 0]
[112, 4, 0, 0, 0]
[128, 4, 0, 0, 0]
[144, 4, 0, 0, 0]
[160, 4, 0, 0, 0]
[176, 4, 0, 0, 0]
[192, 4, 0, 0, 0]
[208, 4, 0, 0, 0]
[224, 4, 0, 0, 0]
[240, 4, 0, 0, 0]
COMPSTATS:  69120  (in_bits)  29842  (apack_bits)  0.4317418981481482  (comp_ratio)  3.4539351851851854  (bits_per_value)  2866  (symbol bits)  26976  (offset bits)  0.0033693209988996387  (search time) 
