INPUT FILE:  trace/mobilenet_v3_large/input_4_flat.npy
ENCODED: 1729907.625000
ENCODED: 1449566.375000
ENCODED: 1449566.375000
ENCODED: 1449566.375000
2 0 118672 659742 329871 0.7791737528344671
5 4 203732 467315 93463 0.2207648337112623
4 32 0 104 26 6.141345427059712e-05
4 48 0 0 0 0.0
4 64 0 0 0 0.0
4 80 0 0 0 0.0
4 96 0 0 0 0.0
4 112 0 0 0 0.0
4 128 0 0 0 0.0
4 144 0 0 0 0.0
4 160 0 0 0 0.0
4 176 0 0 0 0.0
4 192 0 0 0 0.0
4 208 0 0 0 0.0
4 224 0 0 0 0.0
4 240 0 0 0 0.0
[[0, 2, 118672, 659742, 329871], [4, 5, 203732, 467315, 93463], [32, 4, 0, 104, 26], [48, 4, 0, 0, 0], [64, 4, 0, 0, 0], [80, 4, 0, 0, 0], [96, 4, 0, 0, 0], [112, 4, 0, 0, 0], [128, 4, 0, 0, 0], [144, 4, 0, 0, 0], [160, 4, 0, 0, 0], [176, 4, 0, 0, 0], [192, 4, 0, 0, 0], [208, 4, 0, 0, 0], [224, 4, 0, 0, 0], [240, 4, 0, 0, 0]]
[0, 2, 118672, 659742, 329871]
[4, 5, 203732, 467315, 93463]
[32, 4, 0, 104, 26]
[48, 4, 0, 0, 0]
[64, 4, 0, 0, 0]
[80, 4, 0, 0, 0]
[96, 4, 0, 0, 0]
[112, 4, 0, 0, 0]
[128, 4, 0, 0, 0]
[144, 4, 0, 0, 0]
[160, 4, 0, 0, 0]
[176, 4, 0, 0, 0]
[192, 4, 0, 0, 0]
[208, 4, 0, 0, 0]
[224, 4, 0, 0, 0]
[240, 4, 0, 0, 0]
COMPSTATS:  3386880  (in_bits)  1449565  (apack_bits)  0.4279942011526833  (comp_ratio)  3.423953609221466  (bits_per_value)  322404  (symbol bits)  1127161  (offset bits)  0.08653873900766484  (search time) 
