INPUT FILE:  trace/mobilenet_v3_large/input_8_flat.npy
ENCODED: 49599.359375
ENCODED: 49183.265625
5 0 0 0 0 0.0
4 32 0 0 0 0.0
4 48 0 0 0 0.0
4 64 244 116 29 0.0032222222222222222
3 80 1617 1029 343 0.03811111111111111
3 88 3599 3843 1281 0.14233333333333334
4 96 4143 20644 5161 0.5734444444444444
4 112 4380 8204 2051 0.2278888888888889
4 128 822 540 135 0.015
4 144 0 0 0 0.0
4 160 0 0 0 0.0
4 176 0 0 0 0.0
4 192 0 0 0 0.0
4 208 0 0 0 0.0
4 224 0 0 0 0.0
4 240 0 0 0 0.0
[[0, 5, 0, 0, 0], [32, 4, 0, 0, 0], [48, 4, 0, 0, 0], [64, 4, 244, 116, 29], [80, 3, 1617, 1029, 343], [88, 3, 3599, 3843, 1281], [96, 4, 4143, 20644, 5161], [112, 4, 4380, 8204, 2051], [128, 4, 822, 540, 135], [144, 4, 0, 0, 0], [160, 4, 0, 0, 0], [176, 4, 0, 0, 0], [192, 4, 0, 0, 0], [208, 4, 0, 0, 0], [224, 4, 0, 0, 0], [240, 4, 0, 0, 0]]
[0, 5, 0, 0, 0]
[32, 4, 0, 0, 0]
[48, 4, 0, 0, 0]
[64, 4, 244, 116, 29]
[80, 3, 1617, 1029, 343]
[88, 3, 3599, 3843, 1281]
[96, 4, 4143, 20644, 5161]
[112, 4, 4380, 8204, 2051]
[128, 4, 822, 540, 135]
[144, 4, 0, 0, 0]
[160, 4, 0, 0, 0]
[176, 4, 0, 0, 0]
[192, 4, 0, 0, 0]
[208, 4, 0, 0, 0]
[224, 4, 0, 0, 0]
[240, 4, 0, 0, 0]
COMPSTATS:  72000  (in_bits)  49181  (apack_bits)  0.6830694444444444  (comp_ratio)  5.464555555555555  (bits_per_value)  14805  (symbol bits)  34376  (offset bits)  0.0027221549971727654  (search time) 
