INPUT FILE:  trace/mobilenet_v3_large/input_1_flat.npy
ENCODED: 10457456.000000
ENCODED: 10413728.000000
0 0 136082 0 23016 0.0169890873015873
5 1 271854 303650 60730 0.04482739276266062
4 32 274184 246712 61678 0.04552715183295541
4 48 349406 355276 88819 0.06556107686130007
4 64 416508 472732 118183 0.08723589262093727
4 80 462808 570468 142617 0.10527166595804989
4 96 487998 628624 157156 0.11600351946334089
4 112 492282 639092 159773 0.11793523833144369
4 128 474995 595112 148778 0.10981936177248677
4 144 432578 504444 126111 0.09308788619614512
4 160 371246 391760 97940 0.07229367441421013
4 176 298746 279720 69930 0.05161830357142857
4 192 220892 179860 44965 0.03319057657785336
4 208 152685 108912 27228 0.02009814342403628
4 224 97663 59728 14932 0.01102194349962207
4 240 86120 51584 12896 0.009519085411942555
[[0, 0, 136082, 0, 23016], [1, 5, 271854, 303650, 60730], [32, 4, 274184, 246712, 61678], [48, 4, 349406, 355276, 88819], [64, 4, 416508, 472732, 118183], [80, 4, 462808, 570468, 142617], [96, 4, 487998, 628624, 157156], [112, 4, 492282, 639092, 159773], [128, 4, 474995, 595112, 148778], [144, 4, 432578, 504444, 126111], [160, 4, 371246, 391760, 97940], [176, 4, 298746, 279720, 69930], [192, 4, 220892, 179860, 44965], [208, 4, 152685, 108912, 27228], [224, 4, 97663, 59728, 14932], [240, 4, 86120, 51584, 12896]]
[0, 0, 136082, 0, 23016]
[1, 5, 271854, 303650, 60730]
[32, 4, 274184, 246712, 61678]
[48, 4, 349406, 355276, 88819]
[64, 4, 416508, 472732, 118183]
[80, 4, 462808, 570468, 142617]
[96, 4, 487998, 628624, 157156]
[112, 4, 492282, 639092, 159773]
[128, 4, 474995, 595112, 148778]
[144, 4, 432578, 504444, 126111]
[160, 4, 371246, 391760, 97940]
[176, 4, 298746, 279720, 69930]
[192, 4, 220892, 179860, 44965]
[208, 4, 152685, 108912, 27228]
[224, 4, 97663, 59728, 14932]
[240, 4, 86120, 51584, 12896]
COMPSTATS:  10838016  (in_bits)  10413721  (apack_bits)  0.9608512295977418  (comp_ratio)  7.686809836781935  (bits_per_value)  5026047  (symbol bits)  5387674  (offset bits)  0.2905935619928641  (search time) 
