INPUT FILE:  trace/mobilenet_v3_large/weight_18_flat.npy
ENCODED: 28363.269531
ENCODED: 25846.171875
ENCODED: 25846.171875
ENCODED: 25846.171875
0 0 2482 0 1390 0.28958333333333336
5 1 2506 7290 1458 0.30375
4 32 545 384 96 0.02
4 48 273 156 39 0.008125
4 64 136 68 17 0.0035416666666666665
4 80 70 28 7 0.0014583333333333334
4 96 30 12 3 0.000625
4 112 50 20 5 0.0010416666666666667
4 128 0 8 2 0.0004166666666666667
4 144 50 20 5 0.0010416666666666667
4 160 99 44 11 0.0022916666666666667
4 176 136 68 17 0.0035416666666666665
4 192 259 148 37 0.0077083333333333335
4 208 506 352 88 0.018333333333333333
4 224 1136 1104 276 0.0575
4 240 2468 5396 1349 0.2810416666666667
[[0, 0, 2482, 0, 1390], [1, 5, 2506, 7290, 1458], [32, 4, 545, 384, 96], [48, 4, 273, 156, 39], [64, 4, 136, 68, 17], [80, 4, 70, 28, 7], [96, 4, 30, 12, 3], [112, 4, 50, 20, 5], [128, 4, 0, 8, 2], [144, 4, 50, 20, 5], [160, 4, 99, 44, 11], [176, 4, 136, 68, 17], [192, 4, 259, 148, 37], [208, 4, 506, 352, 88], [224, 4, 1136, 1104, 276], [240, 4, 2468, 5396, 1349]]
[0, 0, 2482, 0, 1390]
[1, 5, 2506, 7290, 1458]
[32, 4, 545, 384, 96]
[48, 4, 273, 156, 39]
[64, 4, 136, 68, 17]
[80, 4, 70, 28, 7]
[96, 4, 30, 12, 3]
[112, 4, 50, 20, 5]
[128, 4, 0, 8, 2]
[144, 4, 50, 20, 5]
[160, 4, 99, 44, 11]
[176, 4, 136, 68, 17]
[192, 4, 259, 148, 37]
[208, 4, 506, 352, 88]
[224, 4, 1136, 1104, 276]
[240, 4, 2468, 5396, 1349]
COMPSTATS:  38400  (in_bits)  25844  (apack_bits)  0.6730208333333333  (comp_ratio)  5.384166666666666  (bits_per_value)  10746  (symbol bits)  15098  (offset bits)  0.003287954008555971  (search time) 
