INPUT FILE:  trace/mobilenet_v3_large/weight_41_flat.npy
ENCODED: 451953.718750
ENCODED: 451953.718750
4 0 39291 131780 32945 0.43772587159863946
4 16 22362 24912 6228 0.08274872448979592
4 32 9983 7456 1864 0.024766156462585034
4 48 3718 2068 517 0.006869153911564626
4 64 1278 568 142 0.0018866921768707482
4 80 0 112 28 0.0003720238095238095
4 96 0 36 9 0.00011957908163265306
4 112 0 8 2 2.657312925170068e-05
4 128 0 12 3 3.985969387755102e-05
4 144 0 20 5 6.64328231292517e-05
4 160 0 80 20 0.0002657312925170068
4 176 1090 436 109 0.0014482355442176872
4 192 3381 1824 456 0.006058673469387755
4 208 9031 6520 1630 0.021657100340136053
4 224 20902 22284 5571 0.07401945153061225
4 240 39858 102940 25735 0.34192974064625853
[[0, 4, 39291, 131780, 32945], [16, 4, 22362, 24912, 6228], [32, 4, 9983, 7456, 1864], [48, 4, 3718, 2068, 517], [64, 4, 1278, 568, 142], [80, 4, 0, 112, 28], [96, 4, 0, 36, 9], [112, 4, 0, 8, 2], [128, 4, 0, 12, 3], [144, 4, 0, 20, 5], [160, 4, 0, 80, 20], [176, 4, 1090, 436, 109], [192, 4, 3381, 1824, 456], [208, 4, 9031, 6520, 1630], [224, 4, 20902, 22284, 5571], [240, 4, 39858, 102940, 25735]]
[0, 4, 39291, 131780, 32945]
[16, 4, 22362, 24912, 6228]
[32, 4, 9983, 7456, 1864]
[48, 4, 3718, 2068, 517]
[64, 4, 1278, 568, 142]
[80, 4, 0, 112, 28]
[96, 4, 0, 36, 9]
[112, 4, 0, 8, 2]
[128, 4, 0, 12, 3]
[144, 4, 0, 20, 5]
[160, 4, 0, 80, 20]
[176, 4, 1090, 436, 109]
[192, 4, 3381, 1824, 456]
[208, 4, 9031, 6520, 1630]
[224, 4, 20902, 22284, 5571]
[240, 4, 39858, 102940, 25735]
COMPSTATS:  602112  (in_bits)  451950  (apack_bits)  0.7506078603316326  (comp_ratio)  6.004862882653061  (bits_per_value)  150894  (symbol bits)  301056  (offset bits)  0.016876423003850505  (search time) 
