INPUT FILE:  trace/mobilenet_v3_large/weight_39_flat.npy
ENCODED: 299230.968750
ENCODED: 289109.531250
ENCODED: 289109.531250
ENCODED: 289109.531250
3 0 28770 86556 28852 0.5009027777777778
5 8 16617 22700 4540 0.07881944444444444
4 32 750 300 75 0.0013020833333333333
4 48 0 88 22 0.00038194444444444446
4 64 0 32 8 0.0001388888888888889
4 80 0 12 3 5.208333333333334e-05
4 96 0 12 3 5.208333333333334e-05
4 112 0 20 5 8.680555555555556e-05
4 128 0 0 0 0.0
4 144 0 0 0 0.0
4 160 0 0 0 0.0
4 176 0 8 2 3.472222222222222e-05
4 192 0 104 26 0.00045138888888888887
4 208 1071 476 119 0.002065972222222222
4 224 5376 3584 896 0.015555555555555555
4 240 30436 92196 23049 0.40015625
[[0, 3, 28770, 86556, 28852], [8, 5, 16617, 22700, 4540], [32, 4, 750, 300, 75], [48, 4, 0, 88, 22], [64, 4, 0, 32, 8], [80, 4, 0, 12, 3], [96, 4, 0, 12, 3], [112, 4, 0, 20, 5], [128, 4, 0, 0, 0], [144, 4, 0, 0, 0], [160, 4, 0, 0, 0], [176, 4, 0, 8, 2], [192, 4, 0, 104, 26], [208, 4, 1071, 476, 119], [224, 4, 5376, 3584, 896], [240, 4, 30436, 92196, 23049]]
[0, 3, 28770, 86556, 28852]
[8, 5, 16617, 22700, 4540]
[32, 4, 750, 300, 75]
[48, 4, 0, 88, 22]
[64, 4, 0, 32, 8]
[80, 4, 0, 12, 3]
[96, 4, 0, 12, 3]
[112, 4, 0, 20, 5]
[128, 4, 0, 0, 0]
[144, 4, 0, 0, 0]
[160, 4, 0, 0, 0]
[176, 4, 0, 8, 2]
[192, 4, 0, 104, 26]
[208, 4, 1071, 476, 119]
[224, 4, 5376, 3584, 896]
[240, 4, 30436, 92196, 23049]
COMPSTATS:  460800  (in_bits)  289108  (apack_bits)  0.6274045138888888  (comp_ratio)  5.019236111111111  (bits_per_value)  83020  (symbol bits)  206088  (offset bits)  0.01444842599448748  (search time) 
