INPUT FILE:  trace/mobilenet_v3_large/weight_26_flat.npy
ENCODED: 121624.500000
ENCODED: 121624.500000
4 0 10142 25848 6462 0.3365625
4 16 7250 9740 2435 0.12682291666666667
4 32 3471 2968 742 0.03864583333333333
4 48 1268 760 190 0.009895833333333333
4 64 395 188 47 0.002447916666666667
4 80 100 40 10 0.0005208333333333333
4 96 0 12 3 0.00015625
4 112 0 12 3 0.00015625
4 128 0 4 1 5.208333333333334e-05
4 144 0 8 2 0.00010416666666666667
4 160 0 36 9 0.00046875
4 176 437 208 52 0.0027083333333333334
4 192 1255 752 188 0.009791666666666667
4 208 3373 2840 710 0.03697916666666667
4 224 7044 9216 2304 0.12
4 240 10084 24168 6042 0.3146875
[[0, 4, 10142, 25848, 6462], [16, 4, 7250, 9740, 2435], [32, 4, 3471, 2968, 742], [48, 4, 1268, 760, 190], [64, 4, 395, 188, 47], [80, 4, 100, 40, 10], [96, 4, 0, 12, 3], [112, 4, 0, 12, 3], [128, 4, 0, 4, 1], [144, 4, 0, 8, 2], [160, 4, 0, 36, 9], [176, 4, 437, 208, 52], [192, 4, 1255, 752, 188], [208, 4, 3373, 2840, 710], [224, 4, 7044, 9216, 2304], [240, 4, 10084, 24168, 6042]]
[0, 4, 10142, 25848, 6462]
[16, 4, 7250, 9740, 2435]
[32, 4, 3471, 2968, 742]
[48, 4, 1268, 760, 190]
[64, 4, 395, 188, 47]
[80, 4, 100, 40, 10]
[96, 4, 0, 12, 3]
[112, 4, 0, 12, 3]
[128, 4, 0, 4, 1]
[144, 4, 0, 8, 2]
[160, 4, 0, 36, 9]
[176, 4, 437, 208, 52]
[192, 4, 1255, 752, 188]
[208, 4, 3373, 2840, 710]
[224, 4, 7044, 9216, 2304]
[240, 4, 10084, 24168, 6042]
COMPSTATS:  153600  (in_bits)  121619  (apack_bits)  0.7917903645833333  (comp_ratio)  6.334322916666666  (bits_per_value)  44819  (symbol bits)  76800  (offset bits)  0.005230866008787416  (search time) 
