INPUT FILE:  trace/mobilenet_v3_large/weight_13_flat.npy
ENCODED: 17672.796875
ENCODED: 15344.969727
ENCODED: 15344.969727
ENCODED: 15344.969727
0 0 1522 0 965 0.3350694444444444
5 1 1466 3865 773 0.26840277777777777
4 32 398 304 76 0.02638888888888889
4 48 202 124 31 0.010763888888888889
4 64 118 64 16 0.005555555555555556
4 80 99 52 13 0.0045138888888888885
4 96 0 4 1 0.00034722222222222224
4 112 20 8 2 0.0006944444444444445
4 128 0 4 1 0.00034722222222222224
4 144 40 16 4 0.001388888888888889
4 160 45 20 5 0.001736111111111111
4 176 80 40 10 0.003472222222222222
4 192 233 148 37 0.012847222222222222
4 208 450 360 90 0.03125
4 224 864 968 242 0.08402777777777778
4 240 1370 2456 614 0.21319444444444444
[[0, 0, 1522, 0, 965], [1, 5, 1466, 3865, 773], [32, 4, 398, 304, 76], [48, 4, 202, 124, 31], [64, 4, 118, 64, 16], [80, 4, 99, 52, 13], [96, 4, 0, 4, 1], [112, 4, 20, 8, 2], [128, 4, 0, 4, 1], [144, 4, 40, 16, 4], [160, 4, 45, 20, 5], [176, 4, 80, 40, 10], [192, 4, 233, 148, 37], [208, 4, 450, 360, 90], [224, 4, 864, 968, 242], [240, 4, 1370, 2456, 614]]
[0, 0, 1522, 0, 965]
[1, 5, 1466, 3865, 773]
[32, 4, 398, 304, 76]
[48, 4, 202, 124, 31]
[64, 4, 118, 64, 16]
[80, 4, 99, 52, 13]
[96, 4, 0, 4, 1]
[112, 4, 20, 8, 2]
[128, 4, 0, 4, 1]
[144, 4, 40, 16, 4]
[160, 4, 45, 20, 5]
[176, 4, 80, 40, 10]
[192, 4, 233, 148, 37]
[208, 4, 450, 360, 90]
[224, 4, 864, 968, 242]
[240, 4, 1370, 2456, 614]
COMPSTATS:  23040  (in_bits)  15340  (apack_bits)  0.6657986111111112  (comp_ratio)  5.326388888888889  (bits_per_value)  6907  (symbol bits)  8433  (offset bits)  0.0029904359980719164  (search time) 
