INPUT FILE:  trace/mobilenet_v3_large/weight_6_flat.npy
ENCODED: 10109.066406
ENCODED: 9199.398438
ENCODED: 9199.398438
ENCODED: 9199.398438
0 0 895 0 504 0.2916666666666667
5 1 913 2855 571 0.3304398148148148
4 32 205 148 37 0.02141203703703704
4 48 69 36 9 0.005208333333333333
4 64 27 12 3 0.001736111111111111
4 80 27 12 3 0.001736111111111111
4 96 10 4 1 0.0005787037037037037
4 112 10 4 1 0.0005787037037037037
4 128 0 0 0 0.0
4 144 0 0 0 0.0
4 160 20 8 2 0.0011574074074074073
4 176 20 8 2 0.0011574074074074073
4 192 69 36 9 0.005208333333333333
4 208 134 84 21 0.012152777777777778
4 224 462 480 120 0.06944444444444445
4 240 870 1780 445 0.25752314814814814
[[0, 0, 895, 0, 504], [1, 5, 913, 2855, 571], [32, 4, 205, 148, 37], [48, 4, 69, 36, 9], [64, 4, 27, 12, 3], [80, 4, 27, 12, 3], [96, 4, 10, 4, 1], [112, 4, 10, 4, 1], [128, 4, 0, 0, 0], [144, 4, 0, 0, 0], [160, 4, 20, 8, 2], [176, 4, 20, 8, 2], [192, 4, 69, 36, 9], [208, 4, 134, 84, 21], [224, 4, 462, 480, 120], [240, 4, 870, 1780, 445]]
[0, 0, 895, 0, 504]
[1, 5, 913, 2855, 571]
[32, 4, 205, 148, 37]
[48, 4, 69, 36, 9]
[64, 4, 27, 12, 3]
[80, 4, 27, 12, 3]
[96, 4, 10, 4, 1]
[112, 4, 10, 4, 1]
[128, 4, 0, 0, 0]
[144, 4, 0, 0, 0]
[160, 4, 20, 8, 2]
[176, 4, 20, 8, 2]
[192, 4, 69, 36, 9]
[208, 4, 134, 84, 21]
[224, 4, 462, 480, 120]
[240, 4, 870, 1780, 445]
COMPSTATS:  13824  (in_bits)  9198  (apack_bits)  0.6653645833333334  (comp_ratio)  5.322916666666667  (bits_per_value)  3731  (symbol bits)  5467  (offset bits)  0.0025810600054683164  (search time) 
