INPUT FILE:  trace/mobilenet_v3_large/weight_7_flat.npy
ENCODED: 3716.983887
ENCODED: 3362.830078
ENCODED: 3362.830078
ENCODED: 3362.830078
0 0 337 0 195 0.30092592592592593
5 1 340 1040 208 0.32098765432098764
4 32 65 44 11 0.016975308641975308
4 48 9 4 1 0.0015432098765432098
4 64 9 4 1 0.0015432098765432098
4 80 9 4 1 0.0015432098765432098
4 96 0 0 0 0.0
4 112 0 0 0 0.0
4 128 0 0 0 0.0
4 144 9 4 1 0.0015432098765432098
4 160 0 0 0 0.0
4 176 9 4 1 0.0015432098765432098
4 192 16 8 2 0.0030864197530864196
4 208 69 48 12 0.018518518518518517
4 224 133 120 30 0.046296296296296294
4 240 334 740 185 0.2854938271604938
[[0, 0, 337, 0, 195], [1, 5, 340, 1040, 208], [32, 4, 65, 44, 11], [48, 4, 9, 4, 1], [64, 4, 9, 4, 1], [80, 4, 9, 4, 1], [96, 4, 0, 0, 0], [112, 4, 0, 0, 0], [128, 4, 0, 0, 0], [144, 4, 9, 4, 1], [160, 4, 0, 0, 0], [176, 4, 9, 4, 1], [192, 4, 16, 8, 2], [208, 4, 69, 48, 12], [224, 4, 133, 120, 30], [240, 4, 334, 740, 185]]
[0, 0, 337, 0, 195]
[1, 5, 340, 1040, 208]
[32, 4, 65, 44, 11]
[48, 4, 9, 4, 1]
[64, 4, 9, 4, 1]
[80, 4, 9, 4, 1]
[96, 4, 0, 0, 0]
[112, 4, 0, 0, 0]
[128, 4, 0, 0, 0]
[144, 4, 9, 4, 1]
[160, 4, 0, 0, 0]
[176, 4, 9, 4, 1]
[192, 4, 16, 8, 2]
[208, 4, 69, 48, 12]
[224, 4, 133, 120, 30]
[240, 4, 334, 740, 185]
COMPSTATS:  5184  (in_bits)  3359  (apack_bits)  0.6479552469135802  (comp_ratio)  5.183641975308642  (bits_per_value)  1339  (symbol bits)  2020  (offset bits)  0.0022493970027426258  (search time) 
