INPUT FILE:  trace/mobilenet_v3_large/weight_17_flat.npy
ENCODED: 19952.177734
ENCODED: 14301.979492
ENCODED: 14301.979492
ENCODED: 14301.979492
0 0 1824 0 2108 0.5489583333333333
5 1 1896 4595 919 0.23932291666666666
4 32 128 64 16 0.004166666666666667
4 48 54 24 6 0.0015625
4 64 30 12 3 0.00078125
4 80 0 0 0 0.0
4 96 0 0 0 0.0
4 112 0 0 0 0.0
4 128 0 4 1 0.00026041666666666666
4 144 0 0 0 0.0
4 160 0 0 0 0.0
4 176 0 4 1 0.00026041666666666666
4 192 20 8 2 0.0005208333333333333
4 208 218 128 32 0.008333333333333333
4 224 661 552 138 0.0359375
4 240 1622 2456 614 0.15989583333333332
[[0, 0, 1824, 0, 2108], [1, 5, 1896, 4595, 919], [32, 4, 128, 64, 16], [48, 4, 54, 24, 6], [64, 4, 30, 12, 3], [80, 4, 0, 0, 0], [96, 4, 0, 0, 0], [112, 4, 0, 0, 0], [128, 4, 0, 4, 1], [144, 4, 0, 0, 0], [160, 4, 0, 0, 0], [176, 4, 0, 4, 1], [192, 4, 20, 8, 2], [208, 4, 218, 128, 32], [224, 4, 661, 552, 138], [240, 4, 1622, 2456, 614]]
[0, 0, 1824, 0, 2108]
[1, 5, 1896, 4595, 919]
[32, 4, 128, 64, 16]
[48, 4, 54, 24, 6]
[64, 4, 30, 12, 3]
[80, 4, 0, 0, 0]
[96, 4, 0, 0, 0]
[112, 4, 0, 0, 0]
[128, 4, 0, 4, 1]
[144, 4, 0, 0, 0]
[160, 4, 0, 0, 0]
[176, 4, 0, 4, 1]
[192, 4, 20, 8, 2]
[208, 4, 218, 128, 32]
[224, 4, 661, 552, 138]
[240, 4, 1622, 2456, 614]
COMPSTATS:  30720  (in_bits)  14300  (apack_bits)  0.4654947916666667  (comp_ratio)  3.7239583333333335  (bits_per_value)  6453  (symbol bits)  7847  (offset bits)  0.002966821994050406  (search time) 
