INPUT FILE:  trace/mobilenet_v3_large/weight_58_flat.npy
ENCODED: 1194122.375000
ENCODED: 1194122.375000
4 0 116379 448864 112216 0.4870486111111111
4 16 21756 14504 3626 0.015737847222222223
4 32 2100 840 210 0.0009114583333333333
4 48 0 220 55 0.00023871527777777777
4 64 0 76 19 8.246527777777778e-05
4 80 0 12 3 1.3020833333333334e-05
4 96 0 4 1 4.340277777777778e-06
4 112 0 4 1 4.340277777777778e-06
4 128 0 0 0 0.0
4 144 0 0 0 0.0
4 160 0 0 0 0.0
4 176 0 0 0 0.0
4 192 0 16 4 1.736111111111111e-05
4 208 0 180 45 0.0001953125
4 224 15664 9580 2395 0.010394965277777777
4 240 116622 447300 111825 0.4853515625
[[0, 4, 116379, 448864, 112216], [16, 4, 21756, 14504, 3626], [32, 4, 2100, 840, 210], [48, 4, 0, 220, 55], [64, 4, 0, 76, 19], [80, 4, 0, 12, 3], [96, 4, 0, 4, 1], [112, 4, 0, 4, 1], [128, 4, 0, 0, 0], [144, 4, 0, 0, 0], [160, 4, 0, 0, 0], [176, 4, 0, 0, 0], [192, 4, 0, 16, 4], [208, 4, 0, 180, 45], [224, 4, 15664, 9580, 2395], [240, 4, 116622, 447300, 111825]]
[0, 4, 116379, 448864, 112216]
[16, 4, 21756, 14504, 3626]
[32, 4, 2100, 840, 210]
[48, 4, 0, 220, 55]
[64, 4, 0, 76, 19]
[80, 4, 0, 12, 3]
[96, 4, 0, 4, 1]
[112, 4, 0, 4, 1]
[128, 4, 0, 0, 0]
[144, 4, 0, 0, 0]
[160, 4, 0, 0, 0]
[176, 4, 0, 0, 0]
[192, 4, 0, 16, 4]
[208, 4, 0, 180, 45]
[224, 4, 15664, 9580, 2395]
[240, 4, 116622, 447300, 111825]
COMPSTATS:  1843200  (in_bits)  1194121  (apack_bits)  0.6478521050347222  (comp_ratio)  5.182816840277778  (bits_per_value)  272521  (symbol bits)  921600  (offset bits)  0.04941946000326425  (search time) 
