INPUT FILE:  trace/mobilenet_v3_large/weight_43_flat.npy
ENCODED: 583488.250000
ENCODED: 555435.812500
ENCODED: 555435.812500
ENCODED: 555435.812500
3 0 55041 178347 59449 0.5265819869614512
5 8 28977 36830 7366 0.06524589002267574
4 32 1560 624 156 0.0013818027210884354
4 48 0 148 37 0.0003277352607709751
4 64 0 44 11 9.743480725623583e-05
4 80 0 12 3 2.657312925170068e-05
4 96 0 8 2 1.7715419501133787e-05
4 112 0 4 1 8.857709750566894e-06
4 128 0 4 1 8.857709750566894e-06
4 144 0 8 2 1.7715419501133787e-05
4 160 0 20 5 4.4288548752834467e-05
4 176 0 88 22 0.00019486961451247166
4 192 0 180 45 0.0003985969387755102
4 208 1782 792 198 0.001753826530612245
4 224 8787 5580 1395 0.012356505102040817
4 240 59786 176812 44203 0.3915373441043084
[[0, 3, 55041, 178347, 59449], [8, 5, 28977, 36830, 7366], [32, 4, 1560, 624, 156], [48, 4, 0, 148, 37], [64, 4, 0, 44, 11], [80, 4, 0, 12, 3], [96, 4, 0, 8, 2], [112, 4, 0, 4, 1], [128, 4, 0, 4, 1], [144, 4, 0, 8, 2], [160, 4, 0, 20, 5], [176, 4, 0, 88, 22], [192, 4, 0, 180, 45], [208, 4, 1782, 792, 198], [224, 4, 8787, 5580, 1395], [240, 4, 59786, 176812, 44203]]
[0, 3, 55041, 178347, 59449]
[8, 5, 28977, 36830, 7366]
[32, 4, 1560, 624, 156]
[48, 4, 0, 148, 37]
[64, 4, 0, 44, 11]
[80, 4, 0, 12, 3]
[96, 4, 0, 8, 2]
[112, 4, 0, 4, 1]
[128, 4, 0, 4, 1]
[144, 4, 0, 8, 2]
[160, 4, 0, 20, 5]
[176, 4, 0, 88, 22]
[192, 4, 0, 180, 45]
[208, 4, 1782, 792, 198]
[224, 4, 8787, 5580, 1395]
[240, 4, 59786, 176812, 44203]
COMPSTATS:  903168  (in_bits)  555434  (apack_bits)  0.6149841446995464  (comp_ratio)  4.9198731575963714  (bits_per_value)  155933  (symbol bits)  399501  (offset bits)  0.03362809699319769  (search time) 
