INPUT FILE:  trace/mobilenet_v3_large/weight_1_flat.npy
ENCODED: 833.961426
ENCODED: 637.742188
ENCODED: 637.742188
ENCODED: 637.742188
0 0 72 0 70 0.4861111111111111
5 1 71 175 35 0.24305555555555555
4 32 0 0 0 0.0
4 48 7 4 1 0.006944444444444444
4 64 7 4 1 0.006944444444444444
4 80 0 0 0 0.0
4 96 0 0 0 0.0
4 112 16 12 3 0.020833333333333332
4 128 12 8 2 0.013888888888888888
4 144 0 0 0 0.0
4 160 7 4 1 0.006944444444444444
4 176 0 0 0 0.0
4 192 12 8 2 0.013888888888888888
4 208 16 12 3 0.020833333333333332
4 224 24 20 5 0.034722222222222224
4 240 58 84 21 0.14583333333333334
[[0, 0, 72, 0, 70], [1, 5, 71, 175, 35], [32, 4, 0, 0, 0], [48, 4, 7, 4, 1], [64, 4, 7, 4, 1], [80, 4, 0, 0, 0], [96, 4, 0, 0, 0], [112, 4, 16, 12, 3], [128, 4, 12, 8, 2], [144, 4, 0, 0, 0], [160, 4, 7, 4, 1], [176, 4, 0, 0, 0], [192, 4, 12, 8, 2], [208, 4, 16, 12, 3], [224, 4, 24, 20, 5], [240, 4, 58, 84, 21]]
[0, 0, 72, 0, 70]
[1, 5, 71, 175, 35]
[32, 4, 0, 0, 0]
[48, 4, 7, 4, 1]
[64, 4, 7, 4, 1]
[80, 4, 0, 0, 0]
[96, 4, 0, 0, 0]
[112, 4, 16, 12, 3]
[128, 4, 12, 8, 2]
[144, 4, 0, 0, 0]
[160, 4, 7, 4, 1]
[176, 4, 0, 0, 0]
[192, 4, 12, 8, 2]
[208, 4, 16, 12, 3]
[224, 4, 24, 20, 5]
[240, 4, 58, 84, 21]
COMPSTATS:  1152  (in_bits)  633  (apack_bits)  0.5494791666666666  (comp_ratio)  4.395833333333333  (bits_per_value)  302  (symbol bits)  331  (offset bits)  0.0021928640053374693  (search time) 
