INPUT FILE:  trace/mobilenet_v3_large/weight_29_flat.npy
ENCODED: 84153.757812
ENCODED: 80254.562500
ENCODED: 80254.562500
ENCODED: 80254.562500
0 0 8176 0 4335 0.2709375
5 1 8498 28780 5756 0.35975
4 32 336 160 40 0.0025
4 48 100 40 10 0.000625
4 64 80 32 8 0.0005
4 80 0 4 1 6.25e-05
4 96 0 8 2 0.000125
4 112 0 4 1 6.25e-05
4 128 0 0 0 0.0
4 144 0 0 0 0.0
4 160 0 0 0 0.0
4 176 0 4 1 6.25e-05
4 192 80 32 8 0.0005
4 208 288 128 32 0.002
4 224 1799 1268 317 0.0198125
4 240 8478 21956 5489 0.3430625
[[0, 0, 8176, 0, 4335], [1, 5, 8498, 28780, 5756], [32, 4, 336, 160, 40], [48, 4, 100, 40, 10], [64, 4, 80, 32, 8], [80, 4, 0, 4, 1], [96, 4, 0, 8, 2], [112, 4, 0, 4, 1], [128, 4, 0, 0, 0], [144, 4, 0, 0, 0], [160, 4, 0, 0, 0], [176, 4, 0, 4, 1], [192, 4, 80, 32, 8], [208, 4, 288, 128, 32], [224, 4, 1799, 1268, 317], [240, 4, 8478, 21956, 5489]]
[0, 0, 8176, 0, 4335]
[1, 5, 8498, 28780, 5756]
[32, 4, 336, 160, 40]
[48, 4, 100, 40, 10]
[64, 4, 80, 32, 8]
[80, 4, 0, 4, 1]
[96, 4, 0, 8, 2]
[112, 4, 0, 4, 1]
[128, 4, 0, 0, 0]
[144, 4, 0, 0, 0]
[160, 4, 0, 0, 0]
[176, 4, 0, 4, 1]
[192, 4, 80, 32, 8]
[208, 4, 288, 128, 32]
[224, 4, 1799, 1268, 317]
[240, 4, 8478, 21956, 5489]
COMPSTATS:  128000  (in_bits)  80251  (apack_bits)  0.6269609375  (comp_ratio)  5.0156875  (bits_per_value)  27835  (symbol bits)  52416  (offset bits)  0.005546603002585471  (search time) 
