INPUT FILE:  trace/mobilenet_v3_large/weight_35_flat.npy
ENCODED: 80444.421875
ENCODED: 79676.250000
3 0 7665 19440 6480 0.44021739130434784
5 8 5770 10015 2003 0.1360733695652174
4 32 674 364 91 0.006182065217391304
4 48 170 68 17 0.0011548913043478261
4 64 80 32 8 0.0005434782608695652
4 80 0 4 1 6.793478260869565e-05
4 96 0 0 0 0.0
4 112 0 0 0 0.0
4 128 0 0 0 0.0
4 144 0 4 1 6.793478260869565e-05
4 160 0 16 4 0.0002717391304347826
4 176 0 12 3 0.00020380434782608695
4 192 160 64 16 0.0010869565217391304
4 208 560 292 73 0.004959239130434783
4 224 2372 1932 483 0.0328125
4 240 7818 22160 5540 0.3763586956521739
[[0, 3, 7665, 19440, 6480], [8, 5, 5770, 10015, 2003], [32, 4, 674, 364, 91], [48, 4, 170, 68, 17], [64, 4, 80, 32, 8], [80, 4, 0, 4, 1], [96, 4, 0, 0, 0], [112, 4, 0, 0, 0], [128, 4, 0, 0, 0], [144, 4, 0, 4, 1], [160, 4, 0, 16, 4], [176, 4, 0, 12, 3], [192, 4, 160, 64, 16], [208, 4, 560, 292, 73], [224, 4, 2372, 1932, 483], [240, 4, 7818, 22160, 5540]]
[0, 3, 7665, 19440, 6480]
[8, 5, 5770, 10015, 2003]
[32, 4, 674, 364, 91]
[48, 4, 170, 68, 17]
[64, 4, 80, 32, 8]
[80, 4, 0, 4, 1]
[96, 4, 0, 0, 0]
[112, 4, 0, 0, 0]
[128, 4, 0, 0, 0]
[144, 4, 0, 4, 1]
[160, 4, 0, 16, 4]
[176, 4, 0, 12, 3]
[192, 4, 160, 64, 16]
[208, 4, 560, 292, 73]
[224, 4, 2372, 1932, 483]
[240, 4, 7818, 22160, 5540]
COMPSTATS:  117760  (in_bits)  79672  (apack_bits)  0.6765625  (comp_ratio)  5.4125  (bits_per_value)  25269  (symbol bits)  54403  (offset bits)  0.004466814993065782  (search time) 
