INPUT FILE:  trace/mobilenet_v3_large/weight_57_flat.npy
ENCODED: 126618.687500
ENCODED: 126462.484375
5 0 10605 72090 14418 0.60075
4 32 324 144 36 0.0015
4 48 0 16 4 0.00016666666666666666
4 64 0 12 3 0.000125
4 80 0 12 3 0.000125
4 96 0 4 1 4.1666666666666665e-05
4 112 0 0 0 0.0
4 128 0 8 2 8.333333333333333e-05
4 144 0 24 6 0.00025
4 160 0 40 10 0.0004166666666666667
4 176 170 68 17 0.0007083333333333334
4 192 190 76 19 0.0007916666666666666
4 208 432 192 48 0.002
4 224 1522 912 228 0.0095
4 240 5759 5628 1407 0.058625
2 252 12637 15596 7798 0.3249166666666667
[[0, 5, 10605, 72090, 14418], [32, 4, 324, 144, 36], [48, 4, 0, 16, 4], [64, 4, 0, 12, 3], [80, 4, 0, 12, 3], [96, 4, 0, 4, 1], [112, 4, 0, 0, 0], [128, 4, 0, 8, 2], [144, 4, 0, 24, 6], [160, 4, 0, 40, 10], [176, 4, 170, 68, 17], [192, 4, 190, 76, 19], [208, 4, 432, 192, 48], [224, 4, 1522, 912, 228], [240, 4, 5759, 5628, 1407], [252, 2, 12637, 15596, 7798]]
[0, 5, 10605, 72090, 14418]
[32, 4, 324, 144, 36]
[48, 4, 0, 16, 4]
[64, 4, 0, 12, 3]
[80, 4, 0, 12, 3]
[96, 4, 0, 4, 1]
[112, 4, 0, 0, 0]
[128, 4, 0, 8, 2]
[144, 4, 0, 24, 6]
[160, 4, 0, 40, 10]
[176, 4, 170, 68, 17]
[192, 4, 190, 76, 19]
[208, 4, 432, 192, 48]
[224, 4, 1522, 912, 228]
[240, 4, 5759, 5628, 1407]
[252, 2, 12637, 15596, 7798]
COMPSTATS:  192000  (in_bits)  126461  (apack_bits)  0.6586510416666667  (comp_ratio)  5.269208333333333  (bits_per_value)  31639  (symbol bits)  94822  (offset bits)  0.0061527470097644255  (search time) 
