INPUT FILE:  trace/mobilenet_v3_large/weight_49_flat.npy
ENCODED: 585198.250000
ENCODED: 581297.812500
3 0 59885 126963 42321 0.37486713435374147
5 8 34439 48635 9727 0.08615894274376418
4 32 0 148 37 0.0003277352607709751
4 48 0 68 17 0.00015058106575963718
4 64 0 40 10 8.857709750566893e-05
4 80 0 8 2 1.7715419501133787e-05
4 96 0 4 1 8.857709750566894e-06
4 112 0 4 1 8.857709750566894e-06
4 128 0 0 0 0.0
4 144 0 4 1 8.857709750566894e-06
4 160 0 16 4 3.5430839002267575e-05
4 176 0 32 8 7.086167800453515e-05
4 192 0 140 35 0.00031001984126984125
4 208 1130 452 113 0.001000921201814059
4 224 11438 7848 1962 0.017378826530612245
4 240 55414 234628 58657 0.5195666808390023
[[0, 3, 59885, 126963, 42321], [8, 5, 34439, 48635, 9727], [32, 4, 0, 148, 37], [48, 4, 0, 68, 17], [64, 4, 0, 40, 10], [80, 4, 0, 8, 2], [96, 4, 0, 4, 1], [112, 4, 0, 4, 1], [128, 4, 0, 0, 0], [144, 4, 0, 4, 1], [160, 4, 0, 16, 4], [176, 4, 0, 32, 8], [192, 4, 0, 140, 35], [208, 4, 1130, 452, 113], [224, 4, 11438, 7848, 1962], [240, 4, 55414, 234628, 58657]]
[0, 3, 59885, 126963, 42321]
[8, 5, 34439, 48635, 9727]
[32, 4, 0, 148, 37]
[48, 4, 0, 68, 17]
[64, 4, 0, 40, 10]
[80, 4, 0, 8, 2]
[96, 4, 0, 4, 1]
[112, 4, 0, 4, 1]
[128, 4, 0, 0, 0]
[144, 4, 0, 4, 1]
[160, 4, 0, 16, 4]
[176, 4, 0, 32, 8]
[192, 4, 0, 140, 35]
[208, 4, 1130, 452, 113]
[224, 4, 11438, 7848, 1962]
[240, 4, 55414, 234628, 58657]
COMPSTATS:  903168  (in_bits)  581296  (apack_bits)  0.6436189058956916  (comp_ratio)  5.148951247165533  (bits_per_value)  162306  (symbol bits)  418990  (offset bits)  0.02531579499191139  (search time) 
