INPUT FILE:  trace/mobilenet_v3_large/weight_15_flat.npy
ENCODED: 15377.795898
ENCODED: 11675.947266
ENCODED: 11675.947266
ENCODED: 11675.947266
1 0 1376 1725 1725 0.575
5 2 1115 1845 369 0.123
4 32 133 72 18 0.006
4 48 30 12 3 0.001
4 64 0 0 0 0.0
4 80 0 0 0 0.0
4 96 0 0 0 0.0
4 112 0 0 0 0.0
4 128 0 4 1 0.0003333333333333333
4 144 20 8 2 0.0006666666666666666
4 160 20 8 2 0.0006666666666666666
4 176 0 0 0 0.0
4 192 0 4 1 0.0003333333333333333
4 208 40 16 4 0.0013333333333333333
4 224 200 120 30 0.01
4 240 1546 3380 845 0.2816666666666667
[[0, 1, 1376, 1725, 1725], [2, 5, 1115, 1845, 369], [32, 4, 133, 72, 18], [48, 4, 30, 12, 3], [64, 4, 0, 0, 0], [80, 4, 0, 0, 0], [96, 4, 0, 0, 0], [112, 4, 0, 0, 0], [128, 4, 0, 4, 1], [144, 4, 20, 8, 2], [160, 4, 20, 8, 2], [176, 4, 0, 0, 0], [192, 4, 0, 4, 1], [208, 4, 40, 16, 4], [224, 4, 200, 120, 30], [240, 4, 1546, 3380, 845]]
[0, 1, 1376, 1725, 1725]
[2, 5, 1115, 1845, 369]
[32, 4, 133, 72, 18]
[48, 4, 30, 12, 3]
[64, 4, 0, 0, 0]
[80, 4, 0, 0, 0]
[96, 4, 0, 0, 0]
[112, 4, 0, 0, 0]
[128, 4, 0, 4, 1]
[144, 4, 20, 8, 2]
[160, 4, 20, 8, 2]
[176, 4, 0, 0, 0]
[192, 4, 0, 4, 1]
[208, 4, 40, 16, 4]
[224, 4, 200, 120, 30]
[240, 4, 1546, 3380, 845]
COMPSTATS:  24000  (in_bits)  11674  (apack_bits)  0.48641666666666666  (comp_ratio)  3.8913333333333333  (bits_per_value)  4480  (symbol bits)  7194  (offset bits)  0.0027001529961125925  (search time) 
