INPUT FILE:  trace/mobilenet_v3_large/weight_51_flat.npy
ENCODED: 835362.125000
ENCODED: 834882.437500
3 0 81359 180939 60313 0.39266276041666665
5 8 62086 111245 22249 0.14485026041666665
4 32 4480 2240 560 0.0036458333333333334
4 48 0 260 65 0.00042317708333333335
4 64 0 32 8 5.208333333333334e-05
4 80 0 8 2 1.3020833333333334e-05
4 96 0 4 1 6.510416666666667e-06
4 112 0 0 0 0.0
4 128 0 0 0 0.0
4 144 0 12 3 1.953125e-05
4 160 0 16 4 2.604166666666667e-05
4 176 0 36 9 5.859375e-05
4 192 0 216 54 0.0003515625
4 208 3837 1824 456 0.00296875
4 224 26067 21588 5397 0.03513671875
4 240 80715 257916 64479 0.41978515625
[[0, 3, 81359, 180939, 60313], [8, 5, 62086, 111245, 22249], [32, 4, 4480, 2240, 560], [48, 4, 0, 260, 65], [64, 4, 0, 32, 8], [80, 4, 0, 8, 2], [96, 4, 0, 4, 1], [112, 4, 0, 0, 0], [128, 4, 0, 0, 0], [144, 4, 0, 12, 3], [160, 4, 0, 16, 4], [176, 4, 0, 36, 9], [192, 4, 0, 216, 54], [208, 4, 3837, 1824, 456], [224, 4, 26067, 21588, 5397], [240, 4, 80715, 257916, 64479]]
[0, 3, 81359, 180939, 60313]
[8, 5, 62086, 111245, 22249]
[32, 4, 4480, 2240, 560]
[48, 4, 0, 260, 65]
[64, 4, 0, 32, 8]
[80, 4, 0, 8, 2]
[96, 4, 0, 4, 1]
[112, 4, 0, 0, 0]
[128, 4, 0, 0, 0]
[144, 4, 0, 12, 3]
[160, 4, 0, 16, 4]
[176, 4, 0, 36, 9]
[192, 4, 0, 216, 54]
[208, 4, 3837, 1824, 456]
[224, 4, 26067, 21588, 5397]
[240, 4, 80715, 257916, 64479]
COMPSTATS:  1228800  (in_bits)  834880  (apack_bits)  0.6794270833333333  (comp_ratio)  5.435416666666667  (bits_per_value)  258544  (symbol bits)  576336  (offset bits)  0.03756963800697122  (search time) 
