INPUT FILE:  trace/mobilenet_v3_large/weight_54_flat.npy
ENCODED: 1154485.500000
ENCODED: 1092542.125000
ENCODED: 1092542.125000
ENCODED: 1092542.125000
3 0 121649 281574 93858 0.40736979166666665
5 8 28696 26200 5240 0.022743055555555555
4 32 0 88 22 9.548611111111112e-05
4 48 0 32 8 3.472222222222222e-05
4 64 0 12 3 1.3020833333333334e-05
4 80 0 0 0 0.0
4 96 0 0 0 0.0
4 112 0 4 1 4.340277777777778e-06
4 128 0 0 0 0.0
4 144 0 0 0 0.0
4 160 0 0 0 0.0
4 176 0 0 0 0.0
4 192 0 8 2 8.680555555555556e-06
4 208 0 76 19 8.246527777777778e-05
4 224 2430 972 243 0.0010546875
4 240 106784 524016 131004 0.56859375
[[0, 3, 121649, 281574, 93858], [8, 5, 28696, 26200, 5240], [32, 4, 0, 88, 22], [48, 4, 0, 32, 8], [64, 4, 0, 12, 3], [80, 4, 0, 0, 0], [96, 4, 0, 0, 0], [112, 4, 0, 4, 1], [128, 4, 0, 0, 0], [144, 4, 0, 0, 0], [160, 4, 0, 0, 0], [176, 4, 0, 0, 0], [192, 4, 0, 8, 2], [208, 4, 0, 76, 19], [224, 4, 2430, 972, 243], [240, 4, 106784, 524016, 131004]]
[0, 3, 121649, 281574, 93858]
[8, 5, 28696, 26200, 5240]
[32, 4, 0, 88, 22]
[48, 4, 0, 32, 8]
[64, 4, 0, 12, 3]
[80, 4, 0, 0, 0]
[96, 4, 0, 0, 0]
[112, 4, 0, 4, 1]
[128, 4, 0, 0, 0]
[144, 4, 0, 0, 0]
[160, 4, 0, 0, 0]
[176, 4, 0, 0, 0]
[192, 4, 0, 8, 2]
[208, 4, 0, 76, 19]
[224, 4, 2430, 972, 243]
[240, 4, 106784, 524016, 131004]
COMPSTATS:  1843200  (in_bits)  1092541  (apack_bits)  0.5927414279513888  (comp_ratio)  4.741931423611111  (bits_per_value)  259559  (symbol bits)  832982  (offset bits)  0.051857079000910744  (search time) 
