INPUT FILE:  trace/mobilenet_v3_large/weight_2_flat.npy
ENCODED: 1465.614502
ENCODED: 1115.865479
ENCODED: 1115.865479
ENCODED: 1115.865479
0 0 128 0 126 0.4921875
5 1 120 265 53 0.20703125
4 32 14 8 2 0.0078125
4 48 8 4 1 0.00390625
4 64 24 16 4 0.015625
4 80 8 4 1 0.00390625
4 96 8 4 1 0.00390625
4 112 0 0 0 0.0
4 128 0 0 0 0.0
4 144 0 0 0 0.0
4 160 14 8 2 0.0078125
4 176 0 0 0 0.0
4 192 19 12 3 0.01171875
4 208 32 24 6 0.0234375
4 224 52 48 12 0.046875
4 240 112 180 45 0.17578125
[[0, 0, 128, 0, 126], [1, 5, 120, 265, 53], [32, 4, 14, 8, 2], [48, 4, 8, 4, 1], [64, 4, 24, 16, 4], [80, 4, 8, 4, 1], [96, 4, 8, 4, 1], [112, 4, 0, 0, 0], [128, 4, 0, 0, 0], [144, 4, 0, 0, 0], [160, 4, 14, 8, 2], [176, 4, 0, 0, 0], [192, 4, 19, 12, 3], [208, 4, 32, 24, 6], [224, 4, 52, 48, 12], [240, 4, 112, 180, 45]]
[0, 0, 128, 0, 126]
[1, 5, 120, 265, 53]
[32, 4, 14, 8, 2]
[48, 4, 8, 4, 1]
[64, 4, 24, 16, 4]
[80, 4, 8, 4, 1]
[96, 4, 8, 4, 1]
[112, 4, 0, 0, 0]
[128, 4, 0, 0, 0]
[144, 4, 0, 0, 0]
[160, 4, 14, 8, 2]
[176, 4, 0, 0, 0]
[192, 4, 19, 12, 3]
[208, 4, 32, 24, 6]
[224, 4, 52, 48, 12]
[240, 4, 112, 180, 45]
COMPSTATS:  2048  (in_bits)  1112  (apack_bits)  0.54296875  (comp_ratio)  4.34375  (bits_per_value)  539  (symbol bits)  573  (offset bits)  0.002139003001502715  (search time) 
