INPUT FILE:  trace/mobilenet_v3_large/weight_4_flat.npy
ENCODED: 3436.761719
ENCODED: 2876.823730
ENCODED: 2876.823730
ENCODED: 2876.823730
0 0 304 0 234 0.40625
5 1 285 700 140 0.24305555555555555
4 32 93 76 19 0.03298611111111111
4 48 49 32 8 0.013888888888888888
4 64 49 32 8 0.013888888888888888
4 80 0 0 0 0.0
4 96 16 8 2 0.003472222222222222
4 112 9 4 1 0.001736111111111111
4 128 0 0 0 0.0
4 144 0 0 0 0.0
4 160 16 8 2 0.003472222222222222
4 176 39 24 6 0.010416666666666666
4 192 34 20 5 0.008680555555555556
4 208 83 64 16 0.027777777777777776
4 224 133 128 32 0.05555555555555555
4 240 255 412 103 0.17881944444444445
[[0, 0, 304, 0, 234], [1, 5, 285, 700, 140], [32, 4, 93, 76, 19], [48, 4, 49, 32, 8], [64, 4, 49, 32, 8], [80, 4, 0, 0, 0], [96, 4, 16, 8, 2], [112, 4, 9, 4, 1], [128, 4, 0, 0, 0], [144, 4, 0, 0, 0], [160, 4, 16, 8, 2], [176, 4, 39, 24, 6], [192, 4, 34, 20, 5], [208, 4, 83, 64, 16], [224, 4, 133, 128, 32], [240, 4, 255, 412, 103]]
[0, 0, 304, 0, 234]
[1, 5, 285, 700, 140]
[32, 4, 93, 76, 19]
[48, 4, 49, 32, 8]
[64, 4, 49, 32, 8]
[80, 4, 0, 0, 0]
[96, 4, 16, 8, 2]
[112, 4, 9, 4, 1]
[128, 4, 0, 0, 0]
[144, 4, 0, 0, 0]
[160, 4, 16, 8, 2]
[176, 4, 39, 24, 6]
[192, 4, 34, 20, 5]
[208, 4, 83, 64, 16]
[224, 4, 133, 128, 32]
[240, 4, 255, 412, 103]
COMPSTATS:  4608  (in_bits)  2873  (apack_bits)  0.6234809027777778  (comp_ratio)  4.987847222222222  (bits_per_value)  1365  (symbol bits)  1508  (offset bits)  0.002312375989276916  (search time) 
