INPUT FILE:  trace/mobilenet_v3_large/weight_20_flat.npy
ENCODED: 14804.054688
ENCODED: 11078.403320
ENCODED: 11078.403320
ENCODED: 11078.403320
1 0 1348 1770 1770 0.59
5 2 1078 1730 346 0.11533333333333333
4 32 40 16 4 0.0013333333333333333
4 48 0 0 0 0.0
4 64 0 0 0 0.0
4 80 0 0 0 0.0
4 96 0 0 0 0.0
4 112 0 4 1 0.0003333333333333333
4 128 0 0 0 0.0
4 144 0 0 0 0.0
4 160 0 0 0 0.0
4 176 0 0 0 0.0
4 192 0 0 0 0.0
4 208 0 4 1 0.0003333333333333333
4 224 20 8 2 0.0006666666666666666
4 240 1555 3504 876 0.292
[[0, 1, 1348, 1770, 1770], [2, 5, 1078, 1730, 346], [32, 4, 40, 16, 4], [48, 4, 0, 0, 0], [64, 4, 0, 0, 0], [80, 4, 0, 0, 0], [96, 4, 0, 0, 0], [112, 4, 0, 4, 1], [128, 4, 0, 0, 0], [144, 4, 0, 0, 0], [160, 4, 0, 0, 0], [176, 4, 0, 0, 0], [192, 4, 0, 0, 0], [208, 4, 0, 4, 1], [224, 4, 20, 8, 2], [240, 4, 1555, 3504, 876]]
[0, 1, 1348, 1770, 1770]
[2, 5, 1078, 1730, 346]
[32, 4, 40, 16, 4]
[48, 4, 0, 0, 0]
[64, 4, 0, 0, 0]
[80, 4, 0, 0, 0]
[96, 4, 0, 0, 0]
[112, 4, 0, 4, 1]
[128, 4, 0, 0, 0]
[144, 4, 0, 0, 0]
[160, 4, 0, 0, 0]
[176, 4, 0, 0, 0]
[192, 4, 0, 0, 0]
[208, 4, 0, 4, 1]
[224, 4, 20, 8, 2]
[240, 4, 1555, 3504, 876]
COMPSTATS:  24000  (in_bits)  11077  (apack_bits)  0.4615416666666667  (comp_ratio)  3.6923333333333335  (bits_per_value)  4041  (symbol bits)  7036  (offset bits)  0.002624386004754342  (search time) 
