INPUT FILE:  trace/mobilenet_v3_large/weight_22_flat.npy
ENCODED: 18893.992188
ENCODED: 10995.864258
ENCODED: 10995.864258
ENCODED: 10995.864258
0 0 1480 0 2581 0.6721354166666667
5 1 1697 3395 679 0.17682291666666666
4 32 81 36 9 0.00234375
4 48 40 16 4 0.0010416666666666667
4 64 0 0 0 0.0
4 80 0 0 0 0.0
4 96 0 4 1 0.00026041666666666666
4 112 0 4 1 0.00026041666666666666
4 128 0 0 0 0.0
4 144 0 0 0 0.0
4 160 0 0 0 0.0
4 176 30 12 3 0.00078125
4 192 0 4 1 0.00026041666666666666
4 208 109 52 13 0.0033854166666666668
4 224 402 280 70 0.018229166666666668
4 240 1439 1912 478 0.12447916666666667
[[0, 0, 1480, 0, 2581], [1, 5, 1697, 3395, 679], [32, 4, 81, 36, 9], [48, 4, 40, 16, 4], [64, 4, 0, 0, 0], [80, 4, 0, 0, 0], [96, 4, 0, 4, 1], [112, 4, 0, 4, 1], [128, 4, 0, 0, 0], [144, 4, 0, 0, 0], [160, 4, 0, 0, 0], [176, 4, 30, 12, 3], [192, 4, 0, 4, 1], [208, 4, 109, 52, 13], [224, 4, 402, 280, 70], [240, 4, 1439, 1912, 478]]
[0, 0, 1480, 0, 2581]
[1, 5, 1697, 3395, 679]
[32, 4, 81, 36, 9]
[48, 4, 40, 16, 4]
[64, 4, 0, 0, 0]
[80, 4, 0, 0, 0]
[96, 4, 0, 4, 1]
[112, 4, 0, 4, 1]
[128, 4, 0, 0, 0]
[144, 4, 0, 0, 0]
[160, 4, 0, 0, 0]
[176, 4, 30, 12, 3]
[192, 4, 0, 4, 1]
[208, 4, 109, 52, 13]
[224, 4, 402, 280, 70]
[240, 4, 1439, 1912, 478]
COMPSTATS:  30720  (in_bits)  10993  (apack_bits)  0.35784505208333334  (comp_ratio)  2.8627604166666667  (bits_per_value)  5278  (symbol bits)  5715  (offset bits)  0.0031211489986162633  (search time) 
