INPUT FILE:  trace/mobilenet_v3_large/weight_31_flat.npy
ENCODED: 10733.137695
ENCODED: 10607.800781
ENCODED: 10607.800781
ENCODED: 10607.800781
0 0 677 0 247 0.14915458937198067
5 1 879 3125 625 0.3774154589371981
4 32 277 228 57 0.034420289855072464
4 48 214 160 40 0.024154589371980676
4 64 142 92 23 0.013888888888888888
4 80 36 16 4 0.0024154589371980675
4 96 42 20 5 0.0030193236714975845
4 112 36 16 4 0.0024154589371980675
4 128 27 12 3 0.0018115942028985507
4 144 56 28 7 0.004227053140096618
4 160 74 40 10 0.006038647342995169
4 176 121 76 19 0.011473429951690822
4 192 193 140 35 0.021135265700483092
4 208 313 272 68 0.04106280193236715
4 224 435 448 112 0.06763285024154589
4 240 819 1588 397 0.23973429951690822
[[0, 0, 677, 0, 247], [1, 5, 879, 3125, 625], [32, 4, 277, 228, 57], [48, 4, 214, 160, 40], [64, 4, 142, 92, 23], [80, 4, 36, 16, 4], [96, 4, 42, 20, 5], [112, 4, 36, 16, 4], [128, 4, 27, 12, 3], [144, 4, 56, 28, 7], [160, 4, 74, 40, 10], [176, 4, 121, 76, 19], [192, 4, 193, 140, 35], [208, 4, 313, 272, 68], [224, 4, 435, 448, 112], [240, 4, 819, 1588, 397]]
[0, 0, 677, 0, 247]
[1, 5, 879, 3125, 625]
[32, 4, 277, 228, 57]
[48, 4, 214, 160, 40]
[64, 4, 142, 92, 23]
[80, 4, 36, 16, 4]
[96, 4, 42, 20, 5]
[112, 4, 36, 16, 4]
[128, 4, 27, 12, 3]
[144, 4, 56, 28, 7]
[160, 4, 74, 40, 10]
[176, 4, 121, 76, 19]
[192, 4, 193, 140, 35]
[208, 4, 313, 272, 68]
[224, 4, 435, 448, 112]
[240, 4, 819, 1588, 397]
COMPSTATS:  13248  (in_bits)  10602  (apack_bits)  0.8002717391304348  (comp_ratio)  6.4021739130434785  (bits_per_value)  4341  (symbol bits)  6261  (offset bits)  0.002594008998130448  (search time) 
