INPUT FILE:  trace/mobilenet_v3_large/weight_61_flat.npy
ENCODED: 884070.375000
ENCODED: 884070.375000
4 0 80873 255668 63917 0.41612630208333334
4 16 48636 56716 14179 0.09231119791666667
4 32 7177 3872 968 0.006302083333333333
4 48 0 252 63 0.00041015625
4 64 0 20 5 3.255208333333333e-05
4 80 0 0 0 0.0
4 96 0 4 1 6.510416666666667e-06
4 112 0 4 1 6.510416666666667e-06
4 128 0 0 0 0.0
4 144 0 0 0 0.0
4 160 0 0 0 0.0
4 176 0 20 5 3.255208333333333e-05
4 192 0 192 48 0.0003125
4 208 6510 3512 878 0.0057161458333333335
4 224 45305 50232 12558 0.0817578125
4 240 81167 243908 60977 0.3969856770833333
[[0, 4, 80873, 255668, 63917], [16, 4, 48636, 56716, 14179], [32, 4, 7177, 3872, 968], [48, 4, 0, 252, 63], [64, 4, 0, 20, 5], [80, 4, 0, 0, 0], [96, 4, 0, 4, 1], [112, 4, 0, 4, 1], [128, 4, 0, 0, 0], [144, 4, 0, 0, 0], [160, 4, 0, 0, 0], [176, 4, 0, 20, 5], [192, 4, 0, 192, 48], [208, 4, 6510, 3512, 878], [224, 4, 45305, 50232, 12558], [240, 4, 81167, 243908, 60977]]
[0, 4, 80873, 255668, 63917]
[16, 4, 48636, 56716, 14179]
[32, 4, 7177, 3872, 968]
[48, 4, 0, 252, 63]
[64, 4, 0, 20, 5]
[80, 4, 0, 0, 0]
[96, 4, 0, 4, 1]
[112, 4, 0, 4, 1]
[128, 4, 0, 0, 0]
[144, 4, 0, 0, 0]
[160, 4, 0, 0, 0]
[176, 4, 0, 20, 5]
[192, 4, 0, 192, 48]
[208, 4, 6510, 3512, 878]
[224, 4, 45305, 50232, 12558]
[240, 4, 81167, 243908, 60977]
COMPSTATS:  1228800  (in_bits)  884068  (apack_bits)  0.7194563802083334  (comp_ratio)  5.755651041666667  (bits_per_value)  269668  (symbol bits)  614400  (offset bits)  0.034393734007608145  (search time) 
