INPUT FILE:  trace/mobilenet_v3_large/weight_16_flat.npy
ENCODED: 20629.109375
ENCODED: 14660.654297
ENCODED: 14660.654297
ENCODED: 14660.654297
0 0 1822 0 2106 0.5484375
5 1 1817 4035 807 0.21015625
4 32 225 132 33 0.00859375
4 48 138 72 18 0.0046875
4 64 40 16 4 0.0010416666666666667
4 80 20 8 2 0.0005208333333333333
4 96 30 12 3 0.00078125
4 112 0 4 1 0.00026041666666666666
4 128 0 4 1 0.00026041666666666666
4 144 30 12 3 0.00078125
4 160 0 0 0 0.0
4 176 40 16 4 0.0010416666666666667
4 192 128 64 16 0.004166666666666667
4 208 268 164 41 0.010677083333333334
4 224 688 584 146 0.03802083333333333
4 240 1669 2620 655 0.17057291666666666
[[0, 0, 1822, 0, 2106], [1, 5, 1817, 4035, 807], [32, 4, 225, 132, 33], [48, 4, 138, 72, 18], [64, 4, 40, 16, 4], [80, 4, 20, 8, 2], [96, 4, 30, 12, 3], [112, 4, 0, 4, 1], [128, 4, 0, 4, 1], [144, 4, 30, 12, 3], [160, 4, 0, 0, 0], [176, 4, 40, 16, 4], [192, 4, 128, 64, 16], [208, 4, 268, 164, 41], [224, 4, 688, 584, 146], [240, 4, 1669, 2620, 655]]
[0, 0, 1822, 0, 2106]
[1, 5, 1817, 4035, 807]
[32, 4, 225, 132, 33]
[48, 4, 138, 72, 18]
[64, 4, 40, 16, 4]
[80, 4, 20, 8, 2]
[96, 4, 30, 12, 3]
[112, 4, 0, 4, 1]
[128, 4, 0, 4, 1]
[144, 4, 30, 12, 3]
[160, 4, 0, 0, 0]
[176, 4, 40, 16, 4]
[192, 4, 128, 64, 16]
[208, 4, 268, 164, 41]
[224, 4, 688, 584, 146]
[240, 4, 1669, 2620, 655]
COMPSTATS:  30720  (in_bits)  14658  (apack_bits)  0.4771484375  (comp_ratio)  3.8171875  (bits_per_value)  6915  (symbol bits)  7743  (offset bits)  0.0032589209877187386  (search time) 
