INPUT FILE:  trace/mobilenet_v3_large/weight_42_flat.npy
ENCODED: 35173.796875
ENCODED: 34732.750000
ENCODED: 34732.750000
ENCODED: 34732.750000
3 0 3158 7902 2634 0.435515873015873
5 8 2497 4600 920 0.15211640211640212
4 32 763 564 141 0.023313492063492064
4 48 316 176 44 0.007275132275132275
4 64 70 28 7 0.0011574074074074073
4 80 30 12 3 0.000496031746031746
4 96 0 0 0 0.0
4 112 0 0 0 0.0
4 128 0 4 1 0.00016534391534391533
4 144 0 0 0 0.0
4 160 126 60 15 0.00248015873015873
4 176 280 156 39 0.006448412698412698
4 192 407 244 61 0.010085978835978835
4 208 472 300 75 0.01240079365079365
4 224 951 768 192 0.031746031746031744
4 240 3180 7664 1916 0.3167989417989418
[[0, 3, 3158, 7902, 2634], [8, 5, 2497, 4600, 920], [32, 4, 763, 564, 141], [48, 4, 316, 176, 44], [64, 4, 70, 28, 7], [80, 4, 30, 12, 3], [96, 4, 0, 0, 0], [112, 4, 0, 0, 0], [128, 4, 0, 4, 1], [144, 4, 0, 0, 0], [160, 4, 126, 60, 15], [176, 4, 280, 156, 39], [192, 4, 407, 244, 61], [208, 4, 472, 300, 75], [224, 4, 951, 768, 192], [240, 4, 3180, 7664, 1916]]
[0, 3, 3158, 7902, 2634]
[8, 5, 2497, 4600, 920]
[32, 4, 763, 564, 141]
[48, 4, 316, 176, 44]
[64, 4, 70, 28, 7]
[80, 4, 30, 12, 3]
[96, 4, 0, 0, 0]
[112, 4, 0, 0, 0]
[128, 4, 0, 4, 1]
[144, 4, 0, 0, 0]
[160, 4, 126, 60, 15]
[176, 4, 280, 156, 39]
[192, 4, 407, 244, 61]
[208, 4, 472, 300, 75]
[224, 4, 951, 768, 192]
[240, 4, 3180, 7664, 1916]
COMPSTATS:  48384  (in_bits)  34728  (apack_bits)  0.7177579365079365  (comp_ratio)  5.742063492063492  (bits_per_value)  12250  (symbol bits)  22478  (offset bits)  0.003430386001127772  (search time) 
