INPUT FILE:  trace/mobilenet_v3_large/weight_8_flat.npy
ENCODED: 9925.167969
ENCODED: 8558.932617
ENCODED: 8558.932617
ENCODED: 8558.932617
0 0 916 0 611 0.35358796296296297
5 1 892 2465 493 0.28530092592592593
4 32 174 120 30 0.017361111111111112
4 48 42 20 5 0.0028935185185185184
4 64 0 0 0 0.0
4 80 0 0 0 0.0
4 96 0 0 0 0.0
4 112 10 4 1 0.0005787037037037037
4 128 0 0 0 0.0
4 144 0 0 0 0.0
4 160 0 0 0 0.0
4 176 10 4 1 0.0005787037037037037
4 192 48 24 6 0.003472222222222222
4 208 162 108 27 0.015625
4 224 480 512 128 0.07407407407407407
4 240 861 1704 426 0.2465277777777778
[[0, 0, 916, 0, 611], [1, 5, 892, 2465, 493], [32, 4, 174, 120, 30], [48, 4, 42, 20, 5], [64, 4, 0, 0, 0], [80, 4, 0, 0, 0], [96, 4, 0, 0, 0], [112, 4, 10, 4, 1], [128, 4, 0, 0, 0], [144, 4, 0, 0, 0], [160, 4, 0, 0, 0], [176, 4, 10, 4, 1], [192, 4, 48, 24, 6], [208, 4, 162, 108, 27], [224, 4, 480, 512, 128], [240, 4, 861, 1704, 426]]
[0, 0, 916, 0, 611]
[1, 5, 892, 2465, 493]
[32, 4, 174, 120, 30]
[48, 4, 42, 20, 5]
[64, 4, 0, 0, 0]
[80, 4, 0, 0, 0]
[96, 4, 0, 0, 0]
[112, 4, 10, 4, 1]
[128, 4, 0, 0, 0]
[144, 4, 0, 0, 0]
[160, 4, 0, 0, 0]
[176, 4, 10, 4, 1]
[192, 4, 48, 24, 6]
[208, 4, 162, 108, 27]
[224, 4, 480, 512, 128]
[240, 4, 861, 1704, 426]
COMPSTATS:  13824  (in_bits)  8556  (apack_bits)  0.6189236111111112  (comp_ratio)  4.951388888888889  (bits_per_value)  3595  (symbol bits)  4961  (offset bits)  0.0025414889969397336  (search time) 
