INPUT FILE:  trace/mobilenet_v3_large/weight_12_flat.npy
ENCODED: 8742.529297
ENCODED: 3019.528809
ENCODED: 3019.528809
ENCODED: 3019.528809
0 0 385 0 1434 0.8298611111111112
5 1 91 65 13 0.007523148148148148
4 32 249 192 48 0.027777777777777776
4 48 216 160 40 0.023148148148148147
4 64 42 20 5 0.0028935185185185184
4 80 124 76 19 0.01099537037037037
4 96 277 224 56 0.032407407407407406
4 112 444 452 113 0.06539351851851852
4 128 0 0 0 0.0
4 144 0 0 0 0.0
4 160 0 0 0 0.0
4 176 0 0 0 0.0
4 192 0 0 0 0.0
4 208 0 0 0 0.0
4 224 0 0 0 0.0
4 240 0 0 0 0.0
[[0, 0, 385, 0, 1434], [1, 5, 91, 65, 13], [32, 4, 249, 192, 48], [48, 4, 216, 160, 40], [64, 4, 42, 20, 5], [80, 4, 124, 76, 19], [96, 4, 277, 224, 56], [112, 4, 444, 452, 113], [128, 4, 0, 0, 0], [144, 4, 0, 0, 0], [160, 4, 0, 0, 0], [176, 4, 0, 0, 0], [192, 4, 0, 0, 0], [208, 4, 0, 0, 0], [224, 4, 0, 0, 0], [240, 4, 0, 0, 0]]
[0, 0, 385, 0, 1434]
[1, 5, 91, 65, 13]
[32, 4, 249, 192, 48]
[48, 4, 216, 160, 40]
[64, 4, 42, 20, 5]
[80, 4, 124, 76, 19]
[96, 4, 277, 224, 56]
[112, 4, 444, 452, 113]
[128, 4, 0, 0, 0]
[144, 4, 0, 0, 0]
[160, 4, 0, 0, 0]
[176, 4, 0, 0, 0]
[192, 4, 0, 0, 0]
[208, 4, 0, 0, 0]
[224, 4, 0, 0, 0]
[240, 4, 0, 0, 0]
COMPSTATS:  13824  (in_bits)  3017  (apack_bits)  0.21824363425925927  (comp_ratio)  1.7459490740740742  (bits_per_value)  1828  (symbol bits)  1189  (offset bits)  0.0025821490125963464  (search time) 
