INPUT FILE:  trace/mobilenet_v3_large/weight_55_flat.npy
ENCODED: 965904.625000
ENCODED: 965904.625000
4 0 81187 203624 50906 0.33141927083333333
4 16 61118 86384 21596 0.14059895833333333
4 32 27200 22896 5724 0.037265625
4 48 7365 4096 1024 0.006666666666666667
4 64 1610 644 161 0.0010481770833333333
4 80 0 112 28 0.00018229166666666667
4 96 0 28 7 4.557291666666667e-05
4 112 0 0 0 0.0
4 128 0 0 0 0.0
4 144 0 16 4 2.604166666666667e-05
4 160 0 52 13 8.463541666666667e-05
4 176 1380 552 138 0.0008984375
4 192 6629 3576 894 0.0058203125
4 208 25137 20468 5117 0.03331380208333334
4 224 59313 81460 20365 0.13258463541666668
4 240 80561 190492 47623 0.3100455729166667
[[0, 4, 81187, 203624, 50906], [16, 4, 61118, 86384, 21596], [32, 4, 27200, 22896, 5724], [48, 4, 7365, 4096, 1024], [64, 4, 1610, 644, 161], [80, 4, 0, 112, 28], [96, 4, 0, 28, 7], [112, 4, 0, 0, 0], [128, 4, 0, 0, 0], [144, 4, 0, 16, 4], [160, 4, 0, 52, 13], [176, 4, 1380, 552, 138], [192, 4, 6629, 3576, 894], [208, 4, 25137, 20468, 5117], [224, 4, 59313, 81460, 20365], [240, 4, 80561, 190492, 47623]]
[0, 4, 81187, 203624, 50906]
[16, 4, 61118, 86384, 21596]
[32, 4, 27200, 22896, 5724]
[48, 4, 7365, 4096, 1024]
[64, 4, 1610, 644, 161]
[80, 4, 0, 112, 28]
[96, 4, 0, 28, 7]
[112, 4, 0, 0, 0]
[128, 4, 0, 0, 0]
[144, 4, 0, 16, 4]
[160, 4, 0, 52, 13]
[176, 4, 1380, 552, 138]
[192, 4, 6629, 3576, 894]
[208, 4, 25137, 20468, 5117]
[224, 4, 59313, 81460, 20365]
[240, 4, 80561, 190492, 47623]
COMPSTATS:  1228800  (in_bits)  965900  (apack_bits)  0.7860514322916666  (comp_ratio)  6.288411458333333  (bits_per_value)  351500  (symbol bits)  614400  (offset bits)  0.03659669100306928  (search time) 
