INPUT FILE:  trace/mobilenet_v3_large/weight_19_flat.npy
ENCODED: 27974.007812
ENCODED: 26720.871094
ENCODED: 26720.871094
ENCODED: 26720.871094
0 0 2287 0 1034 0.21541666666666667
5 1 2548 8470 1694 0.35291666666666666
4 32 467 316 79 0.016458333333333332
4 48 176 92 23 0.004791666666666666
4 64 40 16 4 0.0008333333333333334
4 80 0 4 1 0.00020833333333333335
4 96 0 0 0 0.0
4 112 0 0 0 0.0
4 128 0 0 0 0.0
4 144 0 8 2 0.0004166666666666667
4 160 40 16 4 0.0008333333333333334
4 176 60 24 6 0.00125
4 192 126 60 15 0.003125
4 208 462 308 77 0.016041666666666666
4 224 1230 1244 311 0.06479166666666666
4 240 2525 6200 1550 0.3229166666666667
[[0, 0, 2287, 0, 1034], [1, 5, 2548, 8470, 1694], [32, 4, 467, 316, 79], [48, 4, 176, 92, 23], [64, 4, 40, 16, 4], [80, 4, 0, 4, 1], [96, 4, 0, 0, 0], [112, 4, 0, 0, 0], [128, 4, 0, 0, 0], [144, 4, 0, 8, 2], [160, 4, 40, 16, 4], [176, 4, 60, 24, 6], [192, 4, 126, 60, 15], [208, 4, 462, 308, 77], [224, 4, 1230, 1244, 311], [240, 4, 2525, 6200, 1550]]
[0, 0, 2287, 0, 1034]
[1, 5, 2548, 8470, 1694]
[32, 4, 467, 316, 79]
[48, 4, 176, 92, 23]
[64, 4, 40, 16, 4]
[80, 4, 0, 4, 1]
[96, 4, 0, 0, 0]
[112, 4, 0, 0, 0]
[128, 4, 0, 0, 0]
[144, 4, 0, 8, 2]
[160, 4, 40, 16, 4]
[176, 4, 60, 24, 6]
[192, 4, 126, 60, 15]
[208, 4, 462, 308, 77]
[224, 4, 1230, 1244, 311]
[240, 4, 2525, 6200, 1550]
COMPSTATS:  38400  (in_bits)  26719  (apack_bits)  0.6958072916666667  (comp_ratio)  5.566458333333333  (bits_per_value)  9961  (symbol bits)  16758  (offset bits)  0.0031535830057691783  (search time) 
