INPUT FILE:  trace/mobilenet_v3_large/weight_0_flat.npy
ENCODED: 2694.690918
ENCODED: 2648.696045
ENCODED: 2648.696045
ENCODED: 2648.696045
2 0 221 238 119 0.27546296296296297
5 4 208 480 96 0.2222222222222222
4 32 50 36 9 0.020833333333333332
4 48 46 32 8 0.018518518518518517
4 64 9 4 1 0.0023148148148148147
4 80 27 16 4 0.009259259259259259
4 96 0 0 0 0.0
4 112 15 8 2 0.004629629629629629
4 128 0 0 0 0.0
4 144 15 8 2 0.004629629629629629
4 160 9 4 1 0.0023148148148148147
4 176 15 8 2 0.004629629629629629
4 192 41 28 7 0.016203703703703703
4 208 54 40 10 0.023148148148148147
4 224 122 132 33 0.0763888888888889
4 240 227 552 138 0.3194444444444444
[[0, 2, 221, 238, 119], [4, 5, 208, 480, 96], [32, 4, 50, 36, 9], [48, 4, 46, 32, 8], [64, 4, 9, 4, 1], [80, 4, 27, 16, 4], [96, 4, 0, 0, 0], [112, 4, 15, 8, 2], [128, 4, 0, 0, 0], [144, 4, 15, 8, 2], [160, 4, 9, 4, 1], [176, 4, 15, 8, 2], [192, 4, 41, 28, 7], [208, 4, 54, 40, 10], [224, 4, 122, 132, 33], [240, 4, 227, 552, 138]]
[0, 2, 221, 238, 119]
[4, 5, 208, 480, 96]
[32, 4, 50, 36, 9]
[48, 4, 46, 32, 8]
[64, 4, 9, 4, 1]
[80, 4, 27, 16, 4]
[96, 4, 0, 0, 0]
[112, 4, 15, 8, 2]
[128, 4, 0, 0, 0]
[144, 4, 15, 8, 2]
[160, 4, 9, 4, 1]
[176, 4, 15, 8, 2]
[192, 4, 41, 28, 7]
[208, 4, 54, 40, 10]
[224, 4, 122, 132, 33]
[240, 4, 227, 552, 138]
COMPSTATS:  3456  (in_bits)  2645  (apack_bits)  0.7653356481481481  (comp_ratio)  6.122685185185185  (bits_per_value)  1059  (symbol bits)  1586  (offset bits)  0.002230230995337479  (search time) 
