INPUT FILE:  trace/mobilenet_v3_large/weight_25_flat.npy
ENCODED: 13472.638672
ENCODED: 13472.638672
4 0 1145 3104 776 0.3592592592592593
4 16 670 768 192 0.08888888888888889
4 32 298 228 57 0.02638888888888889
4 48 136 80 20 0.009259259259259259
4 64 36 16 4 0.001851851851851852
4 80 58 28 7 0.0032407407407407406
4 96 20 8 2 0.000925925925925926
4 112 0 4 1 0.000462962962962963
4 128 0 0 0 0.0
4 144 30 12 3 0.001388888888888889
4 160 72 36 9 0.004166666666666667
4 176 112 64 16 0.007407407407407408
4 192 166 104 26 0.012037037037037037
4 208 304 232 58 0.026851851851851852
4 224 633 696 174 0.08055555555555556
4 240 1147 3260 815 0.3773148148148148
[[0, 4, 1145, 3104, 776], [16, 4, 670, 768, 192], [32, 4, 298, 228, 57], [48, 4, 136, 80, 20], [64, 4, 36, 16, 4], [80, 4, 58, 28, 7], [96, 4, 20, 8, 2], [112, 4, 0, 4, 1], [128, 4, 0, 0, 0], [144, 4, 30, 12, 3], [160, 4, 72, 36, 9], [176, 4, 112, 64, 16], [192, 4, 166, 104, 26], [208, 4, 304, 232, 58], [224, 4, 633, 696, 174], [240, 4, 1147, 3260, 815]]
[0, 4, 1145, 3104, 776]
[16, 4, 670, 768, 192]
[32, 4, 298, 228, 57]
[48, 4, 136, 80, 20]
[64, 4, 36, 16, 4]
[80, 4, 58, 28, 7]
[96, 4, 20, 8, 2]
[112, 4, 0, 4, 1]
[128, 4, 0, 0, 0]
[144, 4, 30, 12, 3]
[160, 4, 72, 36, 9]
[176, 4, 112, 64, 16]
[192, 4, 166, 104, 26]
[208, 4, 304, 232, 58]
[224, 4, 633, 696, 174]
[240, 4, 1147, 3260, 815]
COMPSTATS:  17280  (in_bits)  13467  (apack_bits)  0.7793402777777778  (comp_ratio)  6.2347222222222225  (bits_per_value)  4827  (symbol bits)  8640  (offset bits)  0.0016474089934490621  (search time) 
