INPUT FILE:  trace/mobilenet_v3_large/weight_44_flat.npy
ENCODED: 569843.875000
ENCODED: 510543.625000
ENCODED: 510543.625000
ENCODED: 510543.625000
2 0 59122 97554 48777 0.4320525085034014
5 4 30135 39135 7827 0.06932929421768708
4 32 0 188 47 0.000416312358276644
4 48 0 28 7 6.200396825396825e-05
4 64 0 8 2 1.7715419501133787e-05
4 80 0 8 2 1.7715419501133787e-05
4 96 0 4 1 8.857709750566894e-06
4 112 0 4 1 8.857709750566894e-06
4 128 0 0 0 0.0
4 144 0 0 0 0.0
4 160 0 0 0 0.0
4 176 0 4 1 8.857709750566894e-06
4 192 0 8 2 1.7715419501133787e-05
4 208 0 96 24 0.00021258503401360543
4 224 2760 1312 328 0.002905328798185941
4 240 56668 223508 55877 0.4949422477324263
[[0, 2, 59122, 97554, 48777], [4, 5, 30135, 39135, 7827], [32, 4, 0, 188, 47], [48, 4, 0, 28, 7], [64, 4, 0, 8, 2], [80, 4, 0, 8, 2], [96, 4, 0, 4, 1], [112, 4, 0, 4, 1], [128, 4, 0, 0, 0], [144, 4, 0, 0, 0], [160, 4, 0, 0, 0], [176, 4, 0, 4, 1], [192, 4, 0, 8, 2], [208, 4, 0, 96, 24], [224, 4, 2760, 1312, 328], [240, 4, 56668, 223508, 55877]]
[0, 2, 59122, 97554, 48777]
[4, 5, 30135, 39135, 7827]
[32, 4, 0, 188, 47]
[48, 4, 0, 28, 7]
[64, 4, 0, 8, 2]
[80, 4, 0, 8, 2]
[96, 4, 0, 4, 1]
[112, 4, 0, 4, 1]
[128, 4, 0, 0, 0]
[144, 4, 0, 0, 0]
[160, 4, 0, 0, 0]
[176, 4, 0, 4, 1]
[192, 4, 0, 8, 2]
[208, 4, 0, 96, 24]
[224, 4, 2760, 1312, 328]
[240, 4, 56668, 223508, 55877]
COMPSTATS:  903168  (in_bits)  510542  (apack_bits)  0.5652791064342404  (comp_ratio)  4.522232851473923  (bits_per_value)  148685  (symbol bits)  361857  (offset bits)  0.025426255000638776  (search time) 
