INPUT FILE:  trace/mobilenet_v3_large/weight_45_flat.npy
ENCODED: 461468.062500
ENCODED: 461468.062500
4 0 39877 119196 29799 0.3959263392857143
4 16 26964 34464 8616 0.11447704081632654
4 32 10499 8088 2022 0.02686543367346939
4 48 3032 1636 409 0.0054342049319727895
4 64 780 312 78 0.0010363520408163266
4 80 0 48 12 0.00015943877551020407
4 96 0 12 3 3.985969387755102e-05
4 112 0 0 0 0.0
4 128 0 0 0 0.0
4 144 0 4 1 1.328656462585034e-05
4 160 0 76 19 0.00025244472789115647
4 176 770 308 77 0.0010230654761904762
4 192 3017 1572 393 0.005221619897959184
4 208 10079 7608 1902 0.025271045918367346
4 224 25775 31772 7943 0.10553518282312925
4 240 39614 95960 23990 0.3187446853741497
[[0, 4, 39877, 119196, 29799], [16, 4, 26964, 34464, 8616], [32, 4, 10499, 8088, 2022], [48, 4, 3032, 1636, 409], [64, 4, 780, 312, 78], [80, 4, 0, 48, 12], [96, 4, 0, 12, 3], [112, 4, 0, 0, 0], [128, 4, 0, 0, 0], [144, 4, 0, 4, 1], [160, 4, 0, 76, 19], [176, 4, 770, 308, 77], [192, 4, 3017, 1572, 393], [208, 4, 10079, 7608, 1902], [224, 4, 25775, 31772, 7943], [240, 4, 39614, 95960, 23990]]
[0, 4, 39877, 119196, 29799]
[16, 4, 26964, 34464, 8616]
[32, 4, 10499, 8088, 2022]
[48, 4, 3032, 1636, 409]
[64, 4, 780, 312, 78]
[80, 4, 0, 48, 12]
[96, 4, 0, 12, 3]
[112, 4, 0, 0, 0]
[128, 4, 0, 0, 0]
[144, 4, 0, 4, 1]
[160, 4, 0, 76, 19]
[176, 4, 770, 308, 77]
[192, 4, 3017, 1572, 393]
[208, 4, 10079, 7608, 1902]
[224, 4, 25775, 31772, 7943]
[240, 4, 39614, 95960, 23990]
COMPSTATS:  602112  (in_bits)  461463  (apack_bits)  0.7664072464923469  (comp_ratio)  6.131257971938775  (bits_per_value)  160407  (symbol bits)  301056  (offset bits)  0.017089789995225146  (search time) 
