INPUT FILE:  trace/mobilenet_v3_large/weight_56_flat.npy
ENCODED: 952757.562500
ENCODED: 952757.562500
4 0 81352 215768 53942 0.35118489583333334
4 16 58707 79452 19863 0.12931640625
4 32 24290 19432 4858 0.03162760416666666
4 48 6096 3176 794 0.005169270833333333
4 64 1080 432 108 0.000703125
4 80 0 60 15 9.765625e-05
4 96 0 12 3 1.953125e-05
4 112 0 0 0 0.0
4 128 0 4 1 6.510416666666667e-06
4 144 0 12 3 1.953125e-05
4 160 0 44 11 7.161458333333333e-05
4 176 890 356 89 0.0005794270833333334
4 192 5520 2876 719 0.004680989583333333
4 208 22537 17532 4383 0.02853515625
4 224 56813 74612 18653 0.12143880208333334
4 240 81070 200632 50158 0.32654947916666666
[[0, 4, 81352, 215768, 53942], [16, 4, 58707, 79452, 19863], [32, 4, 24290, 19432, 4858], [48, 4, 6096, 3176, 794], [64, 4, 1080, 432, 108], [80, 4, 0, 60, 15], [96, 4, 0, 12, 3], [112, 4, 0, 0, 0], [128, 4, 0, 4, 1], [144, 4, 0, 12, 3], [160, 4, 0, 44, 11], [176, 4, 890, 356, 89], [192, 4, 5520, 2876, 719], [208, 4, 22537, 17532, 4383], [224, 4, 56813, 74612, 18653], [240, 4, 81070, 200632, 50158]]
[0, 4, 81352, 215768, 53942]
[16, 4, 58707, 79452, 19863]
[32, 4, 24290, 19432, 4858]
[48, 4, 6096, 3176, 794]
[64, 4, 1080, 432, 108]
[80, 4, 0, 60, 15]
[96, 4, 0, 12, 3]
[112, 4, 0, 0, 0]
[128, 4, 0, 4, 1]
[144, 4, 0, 12, 3]
[160, 4, 0, 44, 11]
[176, 4, 890, 356, 89]
[192, 4, 5520, 2876, 719]
[208, 4, 22537, 17532, 4383]
[224, 4, 56813, 74612, 18653]
[240, 4, 81070, 200632, 50158]
COMPSTATS:  1228800  (in_bits)  952755  (apack_bits)  0.77535400390625  (comp_ratio)  6.20283203125  (bits_per_value)  338355  (symbol bits)  614400  (offset bits)  0.03417840700421948  (search time) 
