INPUT FILE:  trace/mobilenet_v3_large/weight_40_flat.npy
ENCODED: 344791.687500
ENCODED: 343556.812500
0 0 15433 0 4196 0.07805059523809524
5 1 28435 107095 21419 0.3984188988095238
4 32 11388 10388 2597 0.04830729166666667
4 48 3858 2360 590 0.01097470238095238
4 64 1152 512 128 0.002380952380952381
4 80 0 68 17 0.0003162202380952381
4 96 0 16 4 7.440476190476191e-05
4 112 0 12 3 5.580357142857143e-05
4 128 0 0 0 0.0
4 144 0 12 3 5.580357142857143e-05
4 160 0 76 19 0.00035342261904761904
4 176 972 432 108 0.0020089285714285712
4 192 3695 2260 565 0.01050967261904762
4 208 10561 9304 2326 0.04326636904761905
4 224 20977 29020 7255 0.13495163690476192
4 240 27407 58120 14530 0.2702752976190476
[[0, 0, 15433, 0, 4196], [1, 5, 28435, 107095, 21419], [32, 4, 11388, 10388, 2597], [48, 4, 3858, 2360, 590], [64, 4, 1152, 512, 128], [80, 4, 0, 68, 17], [96, 4, 0, 16, 4], [112, 4, 0, 12, 3], [128, 4, 0, 0, 0], [144, 4, 0, 12, 3], [160, 4, 0, 76, 19], [176, 4, 972, 432, 108], [192, 4, 3695, 2260, 565], [208, 4, 10561, 9304, 2326], [224, 4, 20977, 29020, 7255], [240, 4, 27407, 58120, 14530]]
[0, 0, 15433, 0, 4196]
[1, 5, 28435, 107095, 21419]
[32, 4, 11388, 10388, 2597]
[48, 4, 3858, 2360, 590]
[64, 4, 1152, 512, 128]
[80, 4, 0, 68, 17]
[96, 4, 0, 16, 4]
[112, 4, 0, 12, 3]
[128, 4, 0, 0, 0]
[144, 4, 0, 12, 3]
[160, 4, 0, 76, 19]
[176, 4, 972, 432, 108]
[192, 4, 3695, 2260, 565]
[208, 4, 10561, 9304, 2326]
[224, 4, 20977, 29020, 7255]
[240, 4, 27407, 58120, 14530]
COMPSTATS:  430080  (in_bits)  343553  (apack_bits)  0.7988118489583333  (comp_ratio)  6.390494791666667  (bits_per_value)  123878  (symbol bits)  219675  (offset bits)  0.012705228000413626  (search time) 
