INPUT FILE:  trace/mobilenet_v3_large/weight_48_flat.npy
ENCODED: 579953.125000
ENCODED: 566982.187500
ENCODED: 566982.187500
ENCODED: 566982.187500
3 0 58792 149496 49832 0.44139739229024944
5 8 33034 45565 9113 0.0807203089569161
4 32 1150 460 115 0.0010186366213151927
4 48 0 152 38 0.00033659297052154196
4 64 0 20 5 4.4288548752834467e-05
4 80 0 12 3 2.657312925170068e-05
4 96 0 0 0 0.0
4 112 0 4 1 8.857709750566894e-06
4 128 0 8 2 1.7715419501133787e-05
4 144 0 8 2 1.7715419501133787e-05
4 160 0 16 4 3.5430839002267575e-05
4 176 0 20 5 4.4288548752834467e-05
4 192 0 40 10 8.857709750566893e-05
4 208 0 152 38 0.00033659297052154196
4 224 5387 2996 749 0.006634424603174603
4 240 57752 211916 52979 0.46927260487528344
[[0, 3, 58792, 149496, 49832], [8, 5, 33034, 45565, 9113], [32, 4, 1150, 460, 115], [48, 4, 0, 152, 38], [64, 4, 0, 20, 5], [80, 4, 0, 12, 3], [96, 4, 0, 0, 0], [112, 4, 0, 4, 1], [128, 4, 0, 8, 2], [144, 4, 0, 8, 2], [160, 4, 0, 16, 4], [176, 4, 0, 20, 5], [192, 4, 0, 40, 10], [208, 4, 0, 152, 38], [224, 4, 5387, 2996, 749], [240, 4, 57752, 211916, 52979]]
[0, 3, 58792, 149496, 49832]
[8, 5, 33034, 45565, 9113]
[32, 4, 1150, 460, 115]
[48, 4, 0, 152, 38]
[64, 4, 0, 20, 5]
[80, 4, 0, 12, 3]
[96, 4, 0, 0, 0]
[112, 4, 0, 4, 1]
[128, 4, 0, 8, 2]
[144, 4, 0, 8, 2]
[160, 4, 0, 16, 4]
[176, 4, 0, 20, 5]
[192, 4, 0, 40, 10]
[208, 4, 0, 152, 38]
[224, 4, 5387, 2996, 749]
[240, 4, 57752, 211916, 52979]
COMPSTATS:  903168  (in_bits)  566980  (apack_bits)  0.6277680342970522  (comp_ratio)  5.0221442743764175  (bits_per_value)  156115  (symbol bits)  410865  (offset bits)  0.025778358001844026  (search time) 
