INPUT FILE:  trace/mobilenet_v3_large/weight_53_flat.npy
ENCODED: 1185073.750000
ENCODED: 1172847.000000
ENCODED: 1172847.000000
ENCODED: 1172847.000000
3 0 121196 291231 97077 0.4213411458333333
5 8 74101 108970 21794 0.0945920138888889
4 32 1730 692 173 0.0007508680555555555
4 48 0 168 42 0.00018229166666666667
4 64 0 28 7 3.0381944444444444e-05
4 80 0 12 3 1.3020833333333334e-05
4 96 0 4 1 4.340277777777778e-06
4 112 0 8 2 8.680555555555556e-06
4 128 0 0 0 0.0
4 144 0 4 1 4.340277777777778e-06
4 160 0 4 1 4.340277777777778e-06
4 176 0 16 4 1.736111111111111e-05
4 192 0 28 7 3.0381944444444444e-05
4 208 0 248 62 0.0002690972222222222
4 224 12096 6912 1728 0.0075
4 240 117406 437992 109498 0.4752517361111111
[[0, 3, 121196, 291231, 97077], [8, 5, 74101, 108970, 21794], [32, 4, 1730, 692, 173], [48, 4, 0, 168, 42], [64, 4, 0, 28, 7], [80, 4, 0, 12, 3], [96, 4, 0, 4, 1], [112, 4, 0, 8, 2], [128, 4, 0, 0, 0], [144, 4, 0, 4, 1], [160, 4, 0, 4, 1], [176, 4, 0, 16, 4], [192, 4, 0, 28, 7], [208, 4, 0, 248, 62], [224, 4, 12096, 6912, 1728], [240, 4, 117406, 437992, 109498]]
[0, 3, 121196, 291231, 97077]
[8, 5, 74101, 108970, 21794]
[32, 4, 1730, 692, 173]
[48, 4, 0, 168, 42]
[64, 4, 0, 28, 7]
[80, 4, 0, 12, 3]
[96, 4, 0, 4, 1]
[112, 4, 0, 8, 2]
[128, 4, 0, 0, 0]
[144, 4, 0, 4, 1]
[160, 4, 0, 4, 1]
[176, 4, 0, 16, 4]
[192, 4, 0, 28, 7]
[208, 4, 0, 248, 62]
[224, 4, 12096, 6912, 1728]
[240, 4, 117406, 437992, 109498]
COMPSTATS:  1843200  (in_bits)  1172846  (apack_bits)  0.6363096788194444  (comp_ratio)  5.090477430555556  (bits_per_value)  326529  (symbol bits)  846317  (offset bits)  0.050156611992861144  (search time) 
