INPUT FILE:  trace/mobilenet_v3_large/weight_37_flat.npy
ENCODED: 23647.251953
ENCODED: 21479.398438
ENCODED: 21479.398438
ENCODED: 21479.398438
2 0 2226 3964 1982 0.4587962962962963
5 4 1640 2765 553 0.12800925925925927
4 32 259 152 38 0.008796296296296297
4 48 30 12 3 0.0006944444444444445
4 64 0 0 0 0.0
4 80 0 0 0 0.0
4 96 0 0 0 0.0
4 112 0 4 1 0.0002314814814814815
4 128 0 0 0 0.0
4 144 0 0 0 0.0
4 160 0 0 0 0.0
4 176 30 12 3 0.0006944444444444445
4 192 176 92 23 0.005324074074074074
4 208 471 332 83 0.019212962962962963
4 224 482 340 85 0.019675925925925927
4 240 2293 6196 1549 0.35856481481481484
[[0, 2, 2226, 3964, 1982], [4, 5, 1640, 2765, 553], [32, 4, 259, 152, 38], [48, 4, 30, 12, 3], [64, 4, 0, 0, 0], [80, 4, 0, 0, 0], [96, 4, 0, 0, 0], [112, 4, 0, 4, 1], [128, 4, 0, 0, 0], [144, 4, 0, 0, 0], [160, 4, 0, 0, 0], [176, 4, 30, 12, 3], [192, 4, 176, 92, 23], [208, 4, 471, 332, 83], [224, 4, 482, 340, 85], [240, 4, 2293, 6196, 1549]]
[0, 2, 2226, 3964, 1982]
[4, 5, 1640, 2765, 553]
[32, 4, 259, 152, 38]
[48, 4, 30, 12, 3]
[64, 4, 0, 0, 0]
[80, 4, 0, 0, 0]
[96, 4, 0, 0, 0]
[112, 4, 0, 4, 1]
[128, 4, 0, 0, 0]
[144, 4, 0, 0, 0]
[160, 4, 0, 0, 0]
[176, 4, 30, 12, 3]
[192, 4, 176, 92, 23]
[208, 4, 471, 332, 83]
[224, 4, 482, 340, 85]
[240, 4, 2293, 6196, 1549]
COMPSTATS:  34560  (in_bits)  21476  (apack_bits)  0.6214120370370371  (comp_ratio)  4.9712962962962965  (bits_per_value)  7607  (symbol bits)  13869  (offset bits)  0.0033561950112925842  (search time) 
