INPUT FILE:  trace/mobilenet_v3_large/weight_33_flat.npy
ENCODED: 77376.593750
ENCODED: 74628.007812
ENCODED: 74628.007812
ENCODED: 74628.007812
3 0 7313 22380 7460 0.5067934782608695
5 8 4651 6750 1350 0.09171195652173914
4 32 243 108 27 0.0018342391304347826
4 48 0 20 5 0.00033967391304347825
4 64 0 16 4 0.0002717391304347826
4 80 0 4 1 6.793478260869565e-05
4 96 0 0 0 0.0
4 112 0 0 0 0.0
4 128 0 4 1 6.793478260869565e-05
4 144 0 0 0 0.0
4 160 0 8 2 0.0001358695652173913
4 176 0 0 0 0.0
4 192 0 28 7 0.0004755434782608696
4 208 270 120 30 0.0020380434782608695
4 224 1576 1096 274 0.01861413043478261
4 240 7803 22236 5559 0.37764945652173915
[[0, 3, 7313, 22380, 7460], [8, 5, 4651, 6750, 1350], [32, 4, 243, 108, 27], [48, 4, 0, 20, 5], [64, 4, 0, 16, 4], [80, 4, 0, 4, 1], [96, 4, 0, 0, 0], [112, 4, 0, 0, 0], [128, 4, 0, 4, 1], [144, 4, 0, 0, 0], [160, 4, 0, 8, 2], [176, 4, 0, 0, 0], [192, 4, 0, 28, 7], [208, 4, 270, 120, 30], [224, 4, 1576, 1096, 274], [240, 4, 7803, 22236, 5559]]
[0, 3, 7313, 22380, 7460]
[8, 5, 4651, 6750, 1350]
[32, 4, 243, 108, 27]
[48, 4, 0, 20, 5]
[64, 4, 0, 16, 4]
[80, 4, 0, 4, 1]
[96, 4, 0, 0, 0]
[112, 4, 0, 0, 0]
[128, 4, 0, 4, 1]
[144, 4, 0, 0, 0]
[160, 4, 0, 8, 2]
[176, 4, 0, 0, 0]
[192, 4, 0, 28, 7]
[208, 4, 270, 120, 30]
[224, 4, 1576, 1096, 274]
[240, 4, 7803, 22236, 5559]
COMPSTATS:  117760  (in_bits)  74626  (apack_bits)  0.6337126358695652  (comp_ratio)  5.069701086956521  (bits_per_value)  21856  (symbol bits)  52770  (offset bits)  0.005073752996395342  (search time) 
