INPUT FILE:  trace/mobilenet_v3_large/weight_59_flat.npy
ENCODED: 1230463.000000
ENCODED: 1230463.000000
4 0 122144 345276 86319 0.3746484375
4 16 29935 22356 5589 0.0242578125
4 32 3366 1496 374 0.001623263888888889
4 48 0 344 86 0.0003732638888888889
4 64 0 104 26 0.00011284722222222222
4 80 0 40 10 4.340277777777778e-05
4 96 0 28 7 3.0381944444444444e-05
4 112 0 32 8 3.472222222222222e-05
4 128 0 0 0 0.0
4 144 0 0 0 0.0
4 160 0 0 0 0.0
4 176 0 24 6 2.604166666666667e-05
4 192 0 52 13 5.642361111111111e-05
4 208 1210 484 121 0.0005251736111111111
4 224 43726 37960 9490 0.04118923611111111
4 240 108479 513404 128351 0.5570789930555555
[[0, 4, 122144, 345276, 86319], [16, 4, 29935, 22356, 5589], [32, 4, 3366, 1496, 374], [48, 4, 0, 344, 86], [64, 4, 0, 104, 26], [80, 4, 0, 40, 10], [96, 4, 0, 28, 7], [112, 4, 0, 32, 8], [128, 4, 0, 0, 0], [144, 4, 0, 0, 0], [160, 4, 0, 0, 0], [176, 4, 0, 24, 6], [192, 4, 0, 52, 13], [208, 4, 1210, 484, 121], [224, 4, 43726, 37960, 9490], [240, 4, 108479, 513404, 128351]]
[0, 4, 122144, 345276, 86319]
[16, 4, 29935, 22356, 5589]
[32, 4, 3366, 1496, 374]
[48, 4, 0, 344, 86]
[64, 4, 0, 104, 26]
[80, 4, 0, 40, 10]
[96, 4, 0, 28, 7]
[112, 4, 0, 32, 8]
[128, 4, 0, 0, 0]
[144, 4, 0, 0, 0]
[160, 4, 0, 0, 0]
[176, 4, 0, 24, 6]
[192, 4, 0, 52, 13]
[208, 4, 1210, 484, 121]
[224, 4, 43726, 37960, 9490]
[240, 4, 108479, 513404, 128351]
COMPSTATS:  1843200  (in_bits)  1230460  (apack_bits)  0.6675672743055555  (comp_ratio)  5.340538194444444  (bits_per_value)  308860  (symbol bits)  921600  (offset bits)  0.05450827999447938  (search time) 
