INPUT FILE:  trace/mobilenet_v3_large/weight_3_flat.npy
ENCODED: 5642.481445
ENCODED: 4534.769531
ENCODED: 4534.769531
ENCODED: 4534.769531
0 0 530 0 462 0.451171875
5 1 520 1365 273 0.2666015625
4 32 66 40 10 0.009765625
4 48 44 24 6 0.005859375
4 64 18 8 2 0.001953125
4 80 10 4 1 0.0009765625
4 96 25 12 3 0.0029296875
4 112 10 4 1 0.0009765625
4 128 0 0 0 0.0
4 144 0 0 0 0.0
4 160 0 0 0 0.0
4 176 38 20 5 0.0048828125
4 192 71 44 11 0.0107421875
4 208 44 24 6 0.005859375
4 224 149 116 29 0.0283203125
4 240 484 860 215 0.2099609375
[[0, 0, 530, 0, 462], [1, 5, 520, 1365, 273], [32, 4, 66, 40, 10], [48, 4, 44, 24, 6], [64, 4, 18, 8, 2], [80, 4, 10, 4, 1], [96, 4, 25, 12, 3], [112, 4, 10, 4, 1], [128, 4, 0, 0, 0], [144, 4, 0, 0, 0], [160, 4, 0, 0, 0], [176, 4, 38, 20, 5], [192, 4, 71, 44, 11], [208, 4, 44, 24, 6], [224, 4, 149, 116, 29], [240, 4, 484, 860, 215]]
[0, 0, 530, 0, 462]
[1, 5, 520, 1365, 273]
[32, 4, 66, 40, 10]
[48, 4, 44, 24, 6]
[64, 4, 18, 8, 2]
[80, 4, 10, 4, 1]
[96, 4, 25, 12, 3]
[112, 4, 10, 4, 1]
[128, 4, 0, 0, 0]
[144, 4, 0, 0, 0]
[160, 4, 0, 0, 0]
[176, 4, 38, 20, 5]
[192, 4, 71, 44, 11]
[208, 4, 44, 24, 6]
[224, 4, 149, 116, 29]
[240, 4, 484, 860, 215]
COMPSTATS:  8192  (in_bits)  4530  (apack_bits)  0.552978515625  (comp_ratio)  4.423828125  (bits_per_value)  2009  (symbol bits)  2521  (offset bits)  0.0023883420071797445  (search time) 
