INPUT FILE:  trace/mobilenet_v3_large/weight_60_flat.npy
ENCODED: 999837.687500
ENCODED: 999837.687500
4 0 79335 176268 44067 0.28689453125
4 16 63849 94404 23601 0.15365234375
4 32 35511 33880 8470 0.05514322916666667
4 48 13444 8684 2171 0.014134114583333333
4 64 3267 1452 363 0.00236328125
4 80 0 188 47 0.00030598958333333335
4 96 0 20 5 3.255208333333333e-05
4 112 0 4 1 6.510416666666667e-06
4 128 0 8 2 1.3020833333333334e-05
4 144 0 24 6 3.90625e-05
4 160 0 180 45 0.00029296875
4 176 2970 1320 330 0.0021484375
4 192 12328 7828 1957 0.012740885416666667
4 208 33639 31296 7824 0.0509375
4 224 62329 89968 22492 0.14643229166666666
4 240 78762 168876 42219 0.27486328125
[[0, 4, 79335, 176268, 44067], [16, 4, 63849, 94404, 23601], [32, 4, 35511, 33880, 8470], [48, 4, 13444, 8684, 2171], [64, 4, 3267, 1452, 363], [80, 4, 0, 188, 47], [96, 4, 0, 20, 5], [112, 4, 0, 4, 1], [128, 4, 0, 8, 2], [144, 4, 0, 24, 6], [160, 4, 0, 180, 45], [176, 4, 2970, 1320, 330], [192, 4, 12328, 7828, 1957], [208, 4, 33639, 31296, 7824], [224, 4, 62329, 89968, 22492], [240, 4, 78762, 168876, 42219]]
[0, 4, 79335, 176268, 44067]
[16, 4, 63849, 94404, 23601]
[32, 4, 35511, 33880, 8470]
[48, 4, 13444, 8684, 2171]
[64, 4, 3267, 1452, 363]
[80, 4, 0, 188, 47]
[96, 4, 0, 20, 5]
[112, 4, 0, 4, 1]
[128, 4, 0, 8, 2]
[144, 4, 0, 24, 6]
[160, 4, 0, 180, 45]
[176, 4, 2970, 1320, 330]
[192, 4, 12328, 7828, 1957]
[208, 4, 33639, 31296, 7824]
[224, 4, 62329, 89968, 22492]
[240, 4, 78762, 168876, 42219]
COMPSTATS:  1228800  (in_bits)  999834  (apack_bits)  0.8136669921875  (comp_ratio)  6.5093359375  (bits_per_value)  385434  (symbol bits)  614400  (offset bits)  0.035673603997565806  (search time) 
