INPUT FILE:  trace/mobilenet_v3_large/weight_32_flat.npy
ENCODED: 79142.250000
ENCODED: 77155.359375
ENCODED: 77155.359375
ENCODED: 77155.359375
3 0 7422 21591 7197 0.4889266304347826
5 8 5227 8285 1657 0.1125679347826087
4 32 552 288 72 0.004891304347826087
4 48 207 92 23 0.0015625
4 64 120 48 12 0.0008152173913043478
4 80 0 12 3 0.00020380434782608695
4 96 0 4 1 6.793478260869565e-05
4 112 0 0 0 0.0
4 128 0 0 0 0.0
4 144 0 0 0 0.0
4 160 0 0 0 0.0
4 176 0 12 3 0.00020380434782608695
4 192 180 72 18 0.0012228260869565218
4 208 480 240 60 0.004076086956521739
4 224 1823 1332 333 0.022622282608695653
4 240 7802 21364 5341 0.3628396739130435
[[0, 3, 7422, 21591, 7197], [8, 5, 5227, 8285, 1657], [32, 4, 552, 288, 72], [48, 4, 207, 92, 23], [64, 4, 120, 48, 12], [80, 4, 0, 12, 3], [96, 4, 0, 4, 1], [112, 4, 0, 0, 0], [128, 4, 0, 0, 0], [144, 4, 0, 0, 0], [160, 4, 0, 0, 0], [176, 4, 0, 12, 3], [192, 4, 180, 72, 18], [208, 4, 480, 240, 60], [224, 4, 1823, 1332, 333], [240, 4, 7802, 21364, 5341]]
[0, 3, 7422, 21591, 7197]
[8, 5, 5227, 8285, 1657]
[32, 4, 552, 288, 72]
[48, 4, 207, 92, 23]
[64, 4, 120, 48, 12]
[80, 4, 0, 12, 3]
[96, 4, 0, 4, 1]
[112, 4, 0, 0, 0]
[128, 4, 0, 0, 0]
[144, 4, 0, 0, 0]
[160, 4, 0, 0, 0]
[176, 4, 0, 12, 3]
[192, 4, 180, 72, 18]
[208, 4, 480, 240, 60]
[224, 4, 1823, 1332, 333]
[240, 4, 7802, 21364, 5341]
COMPSTATS:  117760  (in_bits)  77153  (apack_bits)  0.655171535326087  (comp_ratio)  5.241372282608696  (bits_per_value)  23813  (symbol bits)  53340  (offset bits)  0.005396882988861762  (search time) 
