INPUT FILE:  trace/mobilenet_v3_large/weight_5_flat.npy
ENCODED: 9113.633789
ENCODED: 7328.453125
ENCODED: 7328.453125
ENCODED: 7328.453125
0 0 804 0 662 0.4309895833333333
5 1 743 1720 344 0.22395833333333334
4 32 179 128 32 0.020833333333333332
4 48 134 88 22 0.014322916666666666
4 64 42 20 5 0.0032552083333333335
4 80 27 12 3 0.001953125
4 96 27 12 3 0.001953125
4 112 10 4 1 0.0006510416666666666
4 128 10 4 1 0.0006510416666666666
4 144 27 12 3 0.001953125
4 160 20 8 2 0.0013020833333333333
4 176 71 40 10 0.006510416666666667
4 192 125 80 20 0.013020833333333334
4 208 203 152 38 0.024739583333333332
4 224 350 332 83 0.054036458333333336
4 240 712 1228 307 0.19986979166666666
[[0, 0, 804, 0, 662], [1, 5, 743, 1720, 344], [32, 4, 179, 128, 32], [48, 4, 134, 88, 22], [64, 4, 42, 20, 5], [80, 4, 27, 12, 3], [96, 4, 27, 12, 3], [112, 4, 10, 4, 1], [128, 4, 10, 4, 1], [144, 4, 27, 12, 3], [160, 4, 20, 8, 2], [176, 4, 71, 40, 10], [192, 4, 125, 80, 20], [208, 4, 203, 152, 38], [224, 4, 350, 332, 83], [240, 4, 712, 1228, 307]]
[0, 0, 804, 0, 662]
[1, 5, 743, 1720, 344]
[32, 4, 179, 128, 32]
[48, 4, 134, 88, 22]
[64, 4, 42, 20, 5]
[80, 4, 27, 12, 3]
[96, 4, 27, 12, 3]
[112, 4, 10, 4, 1]
[128, 4, 10, 4, 1]
[144, 4, 27, 12, 3]
[160, 4, 20, 8, 2]
[176, 4, 71, 40, 10]
[192, 4, 125, 80, 20]
[208, 4, 203, 152, 38]
[224, 4, 350, 332, 83]
[240, 4, 712, 1228, 307]
COMPSTATS:  12288  (in_bits)  7324  (apack_bits)  0.5960286458333334  (comp_ratio)  4.768229166666667  (bits_per_value)  3484  (symbol bits)  3840  (offset bits)  0.0026188820047536865  (search time) 
