INPUT FILE:  trace/mobilenet_v3_large/weight_24_flat.npy
ENCODED: 57979.539062
ENCODED: 57979.539062
4 0 5078 15020 3755 0.39114583333333336
4 16 2707 2916 729 0.0759375
4 32 1127 804 201 0.0209375
4 48 474 264 66 0.006875
4 64 244 116 29 0.0030208333333333333
4 80 100 40 10 0.0010416666666666667
4 96 0 16 4 0.0004166666666666667
4 112 0 0 0 0.0
4 128 0 4 1 0.00010416666666666667
4 144 0 16 4 0.0004166666666666667
4 160 80 32 8 0.0008333333333333334
4 176 162 72 18 0.001875
4 192 573 336 84 0.00875
4 208 1067 752 188 0.019583333333333335
4 224 2876 3204 801 0.0834375
4 240 5087 14808 3702 0.385625
[[0, 4, 5078, 15020, 3755], [16, 4, 2707, 2916, 729], [32, 4, 1127, 804, 201], [48, 4, 474, 264, 66], [64, 4, 244, 116, 29], [80, 4, 100, 40, 10], [96, 4, 0, 16, 4], [112, 4, 0, 0, 0], [128, 4, 0, 4, 1], [144, 4, 0, 16, 4], [160, 4, 80, 32, 8], [176, 4, 162, 72, 18], [192, 4, 573, 336, 84], [208, 4, 1067, 752, 188], [224, 4, 2876, 3204, 801], [240, 4, 5087, 14808, 3702]]
[0, 4, 5078, 15020, 3755]
[16, 4, 2707, 2916, 729]
[32, 4, 1127, 804, 201]
[48, 4, 474, 264, 66]
[64, 4, 244, 116, 29]
[80, 4, 100, 40, 10]
[96, 4, 0, 16, 4]
[112, 4, 0, 0, 0]
[128, 4, 0, 4, 1]
[144, 4, 0, 16, 4]
[160, 4, 80, 32, 8]
[176, 4, 162, 72, 18]
[192, 4, 573, 336, 84]
[208, 4, 1067, 752, 188]
[224, 4, 2876, 3204, 801]
[240, 4, 5087, 14808, 3702]
COMPSTATS:  76800  (in_bits)  57975  (apack_bits)  0.7548828125  (comp_ratio)  6.0390625  (bits_per_value)  19575  (symbol bits)  38400  (offset bits)  0.003164579000440426  (search time) 
