INPUT FILE:  trace/mobilenet_v3_large/weight_23_flat.npy
ENCODED: 27339.062500
ENCODED: 26621.085938
ENCODED: 26621.085938
ENCODED: 26621.085938
0 0 2241 0 972 0.2025
5 1 2547 9025 1805 0.37604166666666666
4 32 396 252 63 0.013125
4 48 136 68 17 0.0035416666666666665
4 64 90 40 10 0.0020833333333333333
4 80 30 12 3 0.000625
4 96 0 4 1 0.00020833333333333335
4 112 0 4 1 0.00020833333333333335
4 128 0 0 0 0.0
4 144 0 8 2 0.0004166666666666667
4 160 0 8 2 0.0004166666666666667
4 176 40 16 4 0.0008333333333333334
4 192 152 76 19 0.003958333333333334
4 208 402 260 65 0.013541666666666667
4 224 926 816 204 0.0425
4 240 2541 6528 1632 0.34
[[0, 0, 2241, 0, 972], [1, 5, 2547, 9025, 1805], [32, 4, 396, 252, 63], [48, 4, 136, 68, 17], [64, 4, 90, 40, 10], [80, 4, 30, 12, 3], [96, 4, 0, 4, 1], [112, 4, 0, 4, 1], [128, 4, 0, 0, 0], [144, 4, 0, 8, 2], [160, 4, 0, 8, 2], [176, 4, 40, 16, 4], [192, 4, 152, 76, 19], [208, 4, 402, 260, 65], [224, 4, 926, 816, 204], [240, 4, 2541, 6528, 1632]]
[0, 0, 2241, 0, 972]
[1, 5, 2547, 9025, 1805]
[32, 4, 396, 252, 63]
[48, 4, 136, 68, 17]
[64, 4, 90, 40, 10]
[80, 4, 30, 12, 3]
[96, 4, 0, 4, 1]
[112, 4, 0, 4, 1]
[128, 4, 0, 0, 0]
[144, 4, 0, 8, 2]
[160, 4, 0, 8, 2]
[176, 4, 40, 16, 4]
[192, 4, 152, 76, 19]
[208, 4, 402, 260, 65]
[224, 4, 926, 816, 204]
[240, 4, 2541, 6528, 1632]
COMPSTATS:  38400  (in_bits)  26618  (apack_bits)  0.6931770833333334  (comp_ratio)  5.545416666666667  (bits_per_value)  9501  (symbol bits)  17117  (offset bits)  0.003431985998759046  (search time) 
