INPUT FILE:  trace/mobilenet_v3_large/weight_46_flat.npy
ENCODED: 436638.812500
ENCODED: 436638.812500
4 0 39322 130820 32705 0.4345370960884354
4 16 22541 25112 6278 0.08341305272108844
4 32 5883 3736 934 0.012409651360544218
4 48 1332 592 148 0.0019664115646258504
4 64 400 160 40 0.0005314625850340137
4 80 0 20 5 6.64328231292517e-05
4 96 0 12 3 3.985969387755102e-05
4 112 0 0 0 0.0
4 128 0 8 2 2.657312925170068e-05
4 144 0 0 0 0.0
4 160 0 12 3 3.985969387755102e-05
4 176 0 76 19 0.00025244472789115647
4 192 1080 432 108 0.0014349489795918368
4 208 4699 2752 688 0.009141156462585034
4 224 20392 21408 5352 0.07110969387755102
4 240 39931 115916 28979 0.385031356292517
[[0, 4, 39322, 130820, 32705], [16, 4, 22541, 25112, 6278], [32, 4, 5883, 3736, 934], [48, 4, 1332, 592, 148], [64, 4, 400, 160, 40], [80, 4, 0, 20, 5], [96, 4, 0, 12, 3], [112, 4, 0, 0, 0], [128, 4, 0, 8, 2], [144, 4, 0, 0, 0], [160, 4, 0, 12, 3], [176, 4, 0, 76, 19], [192, 4, 1080, 432, 108], [208, 4, 4699, 2752, 688], [224, 4, 20392, 21408, 5352], [240, 4, 39931, 115916, 28979]]
[0, 4, 39322, 130820, 32705]
[16, 4, 22541, 25112, 6278]
[32, 4, 5883, 3736, 934]
[48, 4, 1332, 592, 148]
[64, 4, 400, 160, 40]
[80, 4, 0, 20, 5]
[96, 4, 0, 12, 3]
[112, 4, 0, 0, 0]
[128, 4, 0, 8, 2]
[144, 4, 0, 0, 0]
[160, 4, 0, 12, 3]
[176, 4, 0, 76, 19]
[192, 4, 1080, 432, 108]
[208, 4, 4699, 2752, 688]
[224, 4, 20392, 21408, 5352]
[240, 4, 39931, 115916, 28979]
COMPSTATS:  602112  (in_bits)  436636  (apack_bits)  0.7251740539965986  (comp_ratio)  5.801392431972789  (bits_per_value)  135580  (symbol bits)  301056  (offset bits)  0.01756614299665671  (search time) 
