INPUT FILE:  trace/mobilenet_v3_large/weight_38_flat.npy
ENCODED: 291029.812500
ENCODED: 267154.187500
ENCODED: 267154.187500
ENCODED: 267154.187500
2 0 29480 54236 27118 0.4707986111111111
5 4 21668 36250 7250 0.12586805555555555
4 32 370 148 37 0.0006423611111111111
4 48 0 8 2 3.472222222222222e-05
4 64 0 12 3 5.208333333333334e-05
4 80 0 4 1 1.736111111111111e-05
4 96 0 4 1 1.736111111111111e-05
4 112 0 4 1 1.736111111111111e-05
4 128 0 4 1 1.736111111111111e-05
4 144 0 4 1 1.736111111111111e-05
4 160 0 4 1 1.736111111111111e-05
4 176 0 8 2 3.472222222222222e-05
4 192 0 52 13 0.00022569444444444443
4 208 0 76 19 0.0003298611111111111
4 224 1784 892 223 0.003871527777777778
4 240 30437 91708 22927 0.39803819444444444
[[0, 2, 29480, 54236, 27118], [4, 5, 21668, 36250, 7250], [32, 4, 370, 148, 37], [48, 4, 0, 8, 2], [64, 4, 0, 12, 3], [80, 4, 0, 4, 1], [96, 4, 0, 4, 1], [112, 4, 0, 4, 1], [128, 4, 0, 4, 1], [144, 4, 0, 4, 1], [160, 4, 0, 4, 1], [176, 4, 0, 8, 2], [192, 4, 0, 52, 13], [208, 4, 0, 76, 19], [224, 4, 1784, 892, 223], [240, 4, 30437, 91708, 22927]]
[0, 2, 29480, 54236, 27118]
[4, 5, 21668, 36250, 7250]
[32, 4, 370, 148, 37]
[48, 4, 0, 8, 2]
[64, 4, 0, 12, 3]
[80, 4, 0, 4, 1]
[96, 4, 0, 4, 1]
[112, 4, 0, 4, 1]
[128, 4, 0, 4, 1]
[144, 4, 0, 4, 1]
[160, 4, 0, 4, 1]
[176, 4, 0, 8, 2]
[192, 4, 0, 52, 13]
[208, 4, 0, 76, 19]
[224, 4, 1784, 892, 223]
[240, 4, 30437, 91708, 22927]
COMPSTATS:  460800  (in_bits)  267153  (apack_bits)  0.5797591145833333  (comp_ratio)  4.638072916666666  (bits_per_value)  83739  (symbol bits)  183414  (offset bits)  0.014397485996596515  (search time) 
