INPUT FILE:  trace/mobilenet_v3_large/weight_14_flat.npy
ENCODED: 26451.708984
ENCODED: 23663.660156
ENCODED: 23663.660156
ENCODED: 23663.660156
0 0 2532 0 1571 0.32729166666666665
5 1 2513 7490 1498 0.3120833333333333
4 32 313 188 47 0.009791666666666667
4 48 99 44 11 0.0022916666666666667
4 64 60 24 6 0.00125
4 80 0 4 1 0.00020833333333333335
4 96 0 4 1 0.00020833333333333335
4 112 0 4 1 0.00020833333333333335
4 128 0 4 1 0.00020833333333333335
4 144 0 0 0 0.0
4 160 0 0 0 0.0
4 176 0 4 1 0.00020833333333333335
4 192 81 36 9 0.001875
4 208 237 132 33 0.006875
4 224 919 804 201 0.041875
4 240 2492 5676 1419 0.295625
[[0, 0, 2532, 0, 1571], [1, 5, 2513, 7490, 1498], [32, 4, 313, 188, 47], [48, 4, 99, 44, 11], [64, 4, 60, 24, 6], [80, 4, 0, 4, 1], [96, 4, 0, 4, 1], [112, 4, 0, 4, 1], [128, 4, 0, 4, 1], [144, 4, 0, 0, 0], [160, 4, 0, 0, 0], [176, 4, 0, 4, 1], [192, 4, 81, 36, 9], [208, 4, 237, 132, 33], [224, 4, 919, 804, 201], [240, 4, 2492, 5676, 1419]]
[0, 0, 2532, 0, 1571]
[1, 5, 2513, 7490, 1498]
[32, 4, 313, 188, 47]
[48, 4, 99, 44, 11]
[64, 4, 60, 24, 6]
[80, 4, 0, 4, 1]
[96, 4, 0, 4, 1]
[112, 4, 0, 4, 1]
[128, 4, 0, 4, 1]
[144, 4, 0, 0, 0]
[160, 4, 0, 0, 0]
[176, 4, 0, 4, 1]
[192, 4, 81, 36, 9]
[208, 4, 237, 132, 33]
[224, 4, 919, 804, 201]
[240, 4, 2492, 5676, 1419]
COMPSTATS:  38400  (in_bits)  23660  (apack_bits)  0.6161458333333333  (comp_ratio)  4.929166666666666  (bits_per_value)  9246  (symbol bits)  14414  (offset bits)  0.0035885909892385826  (search time) 
