INPUT FILE:  trace/mobilenet_v3_large/weight_52_flat.npy
ENCODED: 129662.664062
ENCODED: 124271.210938
ENCODED: 124271.210938
ENCODED: 124271.210938
3 0 12117 35247 11749 0.48954166666666665
5 8 6990 9550 1910 0.07958333333333334
4 32 1358 776 194 0.008083333333333333
4 48 563 268 67 0.0027916666666666667
4 64 290 116 29 0.0012083333333333334
4 80 0 28 7 0.0002916666666666667
4 96 0 12 3 0.000125
4 112 0 4 1 4.1666666666666665e-05
4 128 0 4 1 4.1666666666666665e-05
4 144 0 4 1 4.1666666666666665e-05
4 160 0 36 9 0.000375
4 176 310 124 31 0.0012916666666666667
4 192 555 264 66 0.00275
4 208 829 432 108 0.0045
4 224 2388 1616 404 0.016833333333333332
4 240 12707 37680 9420 0.3925
[[0, 3, 12117, 35247, 11749], [8, 5, 6990, 9550, 1910], [32, 4, 1358, 776, 194], [48, 4, 563, 268, 67], [64, 4, 290, 116, 29], [80, 4, 0, 28, 7], [96, 4, 0, 12, 3], [112, 4, 0, 4, 1], [128, 4, 0, 4, 1], [144, 4, 0, 4, 1], [160, 4, 0, 36, 9], [176, 4, 310, 124, 31], [192, 4, 555, 264, 66], [208, 4, 829, 432, 108], [224, 4, 2388, 1616, 404], [240, 4, 12707, 37680, 9420]]
[0, 3, 12117, 35247, 11749]
[8, 5, 6990, 9550, 1910]
[32, 4, 1358, 776, 194]
[48, 4, 563, 268, 67]
[64, 4, 290, 116, 29]
[80, 4, 0, 28, 7]
[96, 4, 0, 12, 3]
[112, 4, 0, 4, 1]
[128, 4, 0, 4, 1]
[144, 4, 0, 4, 1]
[160, 4, 0, 36, 9]
[176, 4, 310, 124, 31]
[192, 4, 555, 264, 66]
[208, 4, 829, 432, 108]
[224, 4, 2388, 1616, 404]
[240, 4, 12707, 37680, 9420]
COMPSTATS:  192000  (in_bits)  124268  (apack_bits)  0.6472291666666666  (comp_ratio)  5.177833333333333  (bits_per_value)  38107  (symbol bits)  86161  (offset bits)  0.007502615000703372  (search time) 
