INPUT FILE:  trace/mobilenet_v3_large/weight_47_flat.npy
ENCODED: 96902.656250
ENCODED: 96902.656250
4 0 8714 30192 7548 0.4492857142857143
4 16 5060 5664 1416 0.08428571428571428
4 32 689 372 93 0.005535714285714285
4 48 100 40 10 0.0005952380952380953
4 64 0 24 6 0.00035714285714285714
4 80 0 0 0 0.0
4 96 0 0 0 0.0
4 112 0 8 2 0.00011904761904761905
4 128 0 8 2 0.00011904761904761905
4 144 0 4 1 5.9523809523809524e-05
4 160 240 96 24 0.0014285714285714286
4 176 520 260 65 0.003869047619047619
4 192 997 584 146 0.008690476190476191
4 208 1322 840 210 0.0125
4 224 3170 2752 688 0.040952380952380955
4 240 8888 26356 6589 0.39220238095238097
[[0, 4, 8714, 30192, 7548], [16, 4, 5060, 5664, 1416], [32, 4, 689, 372, 93], [48, 4, 100, 40, 10], [64, 4, 0, 24, 6], [80, 4, 0, 0, 0], [96, 4, 0, 0, 0], [112, 4, 0, 8, 2], [128, 4, 0, 8, 2], [144, 4, 0, 4, 1], [160, 4, 240, 96, 24], [176, 4, 520, 260, 65], [192, 4, 997, 584, 146], [208, 4, 1322, 840, 210], [224, 4, 3170, 2752, 688], [240, 4, 8888, 26356, 6589]]
[0, 4, 8714, 30192, 7548]
[16, 4, 5060, 5664, 1416]
[32, 4, 689, 372, 93]
[48, 4, 100, 40, 10]
[64, 4, 0, 24, 6]
[80, 4, 0, 0, 0]
[96, 4, 0, 0, 0]
[112, 4, 0, 8, 2]
[128, 4, 0, 8, 2]
[144, 4, 0, 4, 1]
[160, 4, 240, 96, 24]
[176, 4, 520, 260, 65]
[192, 4, 997, 584, 146]
[208, 4, 1322, 840, 210]
[224, 4, 3170, 2752, 688]
[240, 4, 8888, 26356, 6589]
COMPSTATS:  134400  (in_bits)  96900  (apack_bits)  0.7209821428571429  (comp_ratio)  5.767857142857143  (bits_per_value)  29700  (symbol bits)  67200  (offset bits)  0.004813906009076163  (search time) 
