INPUT FILE:  trace/mobilenet_v3_large/weight_10_flat.npy
ENCODED: 10486.395508
ENCODED: 8927.138672
ENCODED: 8927.138672
ENCODED: 8927.138672
0 0 956 0 667 0.3705555555555556
5 1 907 2315 463 0.25722222222222224
4 32 180 124 31 0.017222222222222222
4 48 93 52 13 0.007222222222222222
4 64 27 12 3 0.0016666666666666668
4 80 10 4 1 0.0005555555555555556
4 96 20 8 2 0.0011111111111111111
4 112 0 0 0 0.0
4 128 20 8 2 0.0011111111111111111
4 144 20 8 2 0.0011111111111111111
4 160 10 4 1 0.0005555555555555556
4 176 27 12 3 0.0016666666666666668
4 192 113 68 17 0.009444444444444445
4 208 210 152 38 0.021111111111111112
4 224 435 428 107 0.059444444444444446
4 240 900 1800 450 0.25
[[0, 0, 956, 0, 667], [1, 5, 907, 2315, 463], [32, 4, 180, 124, 31], [48, 4, 93, 52, 13], [64, 4, 27, 12, 3], [80, 4, 10, 4, 1], [96, 4, 20, 8, 2], [112, 4, 0, 0, 0], [128, 4, 20, 8, 2], [144, 4, 20, 8, 2], [160, 4, 10, 4, 1], [176, 4, 27, 12, 3], [192, 4, 113, 68, 17], [208, 4, 210, 152, 38], [224, 4, 435, 428, 107], [240, 4, 900, 1800, 450]]
[0, 0, 956, 0, 667]
[1, 5, 907, 2315, 463]
[32, 4, 180, 124, 31]
[48, 4, 93, 52, 13]
[64, 4, 27, 12, 3]
[80, 4, 10, 4, 1]
[96, 4, 20, 8, 2]
[112, 4, 0, 0, 0]
[128, 4, 20, 8, 2]
[144, 4, 20, 8, 2]
[160, 4, 10, 4, 1]
[176, 4, 27, 12, 3]
[192, 4, 113, 68, 17]
[208, 4, 210, 152, 38]
[224, 4, 435, 428, 107]
[240, 4, 900, 1800, 450]
COMPSTATS:  14400  (in_bits)  8923  (apack_bits)  0.6196527777777778  (comp_ratio)  4.957222222222223  (bits_per_value)  3928  (symbol bits)  4995  (offset bits)  0.002718072006246075  (search time) 
