INPUT FILE:  trace/mobilenet_v3_large/weight_27_flat.npy
ENCODED: 87141.398438
ENCODED: 83186.171875
ENCODED: 83186.171875
ENCODED: 83186.171875
0 0 8064 0 4101 0.2563125
5 1 8497 29710 5942 0.371375
4 32 854 488 122 0.007625
4 48 230 92 23 0.0014375
4 64 90 36 9 0.0005625
4 80 0 16 4 0.00025
4 96 0 0 0 0.0
4 112 0 4 1 6.25e-05
4 128 0 0 0 0.0
4 144 0 4 1 6.25e-05
4 160 0 16 4 0.00025
4 176 140 56 14 0.000875
4 192 297 132 33 0.0020625
4 208 689 372 93 0.0058125
4 224 2347 1844 461 0.0288125
4 240 8436 20768 5192 0.3245
[[0, 0, 8064, 0, 4101], [1, 5, 8497, 29710, 5942], [32, 4, 854, 488, 122], [48, 4, 230, 92, 23], [64, 4, 90, 36, 9], [80, 4, 0, 16, 4], [96, 4, 0, 0, 0], [112, 4, 0, 4, 1], [128, 4, 0, 0, 0], [144, 4, 0, 4, 1], [160, 4, 0, 16, 4], [176, 4, 140, 56, 14], [192, 4, 297, 132, 33], [208, 4, 689, 372, 93], [224, 4, 2347, 1844, 461], [240, 4, 8436, 20768, 5192]]
[0, 0, 8064, 0, 4101]
[1, 5, 8497, 29710, 5942]
[32, 4, 854, 488, 122]
[48, 4, 230, 92, 23]
[64, 4, 90, 36, 9]
[80, 4, 0, 16, 4]
[96, 4, 0, 0, 0]
[112, 4, 0, 4, 1]
[128, 4, 0, 0, 0]
[144, 4, 0, 4, 1]
[160, 4, 0, 16, 4]
[176, 4, 140, 56, 14]
[192, 4, 297, 132, 33]
[208, 4, 689, 372, 93]
[224, 4, 2347, 1844, 461]
[240, 4, 8436, 20768, 5192]
COMPSTATS:  128000  (in_bits)  83182  (apack_bits)  0.649859375  (comp_ratio)  5.198875  (bits_per_value)  29644  (symbol bits)  53538  (offset bits)  0.005398339999374002  (search time) 
