INPUT FILE:  trace/mobilenet_v3_large/weight_9_flat.npy
ENCODED: 9680.484375
ENCODED: 8398.074219
ENCODED: 8398.074219
ENCODED: 8398.074219
0 0 916 0 629 0.36400462962962965
5 1 903 2650 530 0.30671296296296297
4 32 158 104 26 0.015046296296296295
4 48 69 36 9 0.005208333333333333
4 64 20 8 2 0.0011574074074074073
4 80 10 4 1 0.0005787037037037037
4 96 0 0 0 0.0
4 112 10 4 1 0.0005787037037037037
4 128 10 4 1 0.0005787037037037037
4 144 20 8 2 0.0011574074074074073
4 160 0 0 0 0.0
4 176 0 0 0 0.0
4 192 48 24 6 0.003472222222222222
4 208 117 72 18 0.010416666666666666
4 224 324 280 70 0.04050925925925926
4 240 863 1732 433 0.2505787037037037
[[0, 0, 916, 0, 629], [1, 5, 903, 2650, 530], [32, 4, 158, 104, 26], [48, 4, 69, 36, 9], [64, 4, 20, 8, 2], [80, 4, 10, 4, 1], [96, 4, 0, 0, 0], [112, 4, 10, 4, 1], [128, 4, 10, 4, 1], [144, 4, 20, 8, 2], [160, 4, 0, 0, 0], [176, 4, 0, 0, 0], [192, 4, 48, 24, 6], [208, 4, 117, 72, 18], [224, 4, 324, 280, 70], [240, 4, 863, 1732, 433]]
[0, 0, 916, 0, 629]
[1, 5, 903, 2650, 530]
[32, 4, 158, 104, 26]
[48, 4, 69, 36, 9]
[64, 4, 20, 8, 2]
[80, 4, 10, 4, 1]
[96, 4, 0, 0, 0]
[112, 4, 10, 4, 1]
[128, 4, 10, 4, 1]
[144, 4, 20, 8, 2]
[160, 4, 0, 0, 0]
[176, 4, 0, 0, 0]
[192, 4, 48, 24, 6]
[208, 4, 117, 72, 18]
[224, 4, 324, 280, 70]
[240, 4, 863, 1732, 433]
COMPSTATS:  13824  (in_bits)  8394  (apack_bits)  0.6072048611111112  (comp_ratio)  4.857638888888889  (bits_per_value)  3468  (symbol bits)  4926  (offset bits)  0.0026123170100618154  (search time) 
