INPUT FILE:  trace/mobilenet_v3_large/weight_28_flat.npy
ENCODED: 10941.380859
ENCODED: 10286.091797
ENCODED: 10286.091797
ENCODED: 10286.091797
0 0 902 0 454 0.25222222222222224
5 1 955 3150 630 0.35
4 32 216 156 39 0.021666666666666667
4 48 158 104 26 0.014444444444444444
4 64 74 40 10 0.005555555555555556
4 80 42 20 5 0.002777777777777778
4 96 42 20 5 0.002777777777777778
4 112 20 8 2 0.0011111111111111111
4 128 10 4 1 0.0005555555555555556
4 144 36 16 4 0.0022222222222222222
4 160 20 8 2 0.0011111111111111111
4 176 69 36 9 0.005
4 192 177 120 30 0.016666666666666666
4 208 238 180 45 0.025
4 224 416 400 100 0.05555555555555555
4 240 893 1752 438 0.24333333333333335
[[0, 0, 902, 0, 454], [1, 5, 955, 3150, 630], [32, 4, 216, 156, 39], [48, 4, 158, 104, 26], [64, 4, 74, 40, 10], [80, 4, 42, 20, 5], [96, 4, 42, 20, 5], [112, 4, 20, 8, 2], [128, 4, 10, 4, 1], [144, 4, 36, 16, 4], [160, 4, 20, 8, 2], [176, 4, 69, 36, 9], [192, 4, 177, 120, 30], [208, 4, 238, 180, 45], [224, 4, 416, 400, 100], [240, 4, 893, 1752, 438]]
[0, 0, 902, 0, 454]
[1, 5, 955, 3150, 630]
[32, 4, 216, 156, 39]
[48, 4, 158, 104, 26]
[64, 4, 74, 40, 10]
[80, 4, 42, 20, 5]
[96, 4, 42, 20, 5]
[112, 4, 20, 8, 2]
[128, 4, 10, 4, 1]
[144, 4, 36, 16, 4]
[160, 4, 20, 8, 2]
[176, 4, 69, 36, 9]
[192, 4, 177, 120, 30]
[208, 4, 238, 180, 45]
[224, 4, 416, 400, 100]
[240, 4, 893, 1752, 438]
COMPSTATS:  14400  (in_bits)  10282  (apack_bits)  0.7140277777777778  (comp_ratio)  5.7122222222222225  (bits_per_value)  4268  (symbol bits)  6014  (offset bits)  0.002644731997861527  (search time) 
