INPUT FILE:  trace/mobilenet_v3_large/weight_21_flat.npy
ENCODED: 18736.093750
ENCODED: 10939.953125
ENCODED: 10939.953125
ENCODED: 10939.953125
0 0 1470 0 2591 0.6747395833333333
5 1 1676 3310 662 0.17239583333333333
4 32 128 64 16 0.004166666666666667
4 48 30 12 3 0.00078125
4 64 30 12 3 0.00078125
4 80 30 12 3 0.00078125
4 96 0 0 0 0.0
4 112 20 8 2 0.0005208333333333333
4 128 0 0 0 0.0
4 144 0 0 0 0.0
4 160 0 0 0 0.0
4 176 0 4 1 0.00026041666666666666
4 192 30 12 3 0.00078125
4 208 92 44 11 0.002864583333333333
4 224 308 196 49 0.012760416666666666
4 240 1465 1984 496 0.12916666666666668
[[0, 0, 1470, 0, 2591], [1, 5, 1676, 3310, 662], [32, 4, 128, 64, 16], [48, 4, 30, 12, 3], [64, 4, 30, 12, 3], [80, 4, 30, 12, 3], [96, 4, 0, 0, 0], [112, 4, 20, 8, 2], [128, 4, 0, 0, 0], [144, 4, 0, 0, 0], [160, 4, 0, 0, 0], [176, 4, 0, 4, 1], [192, 4, 30, 12, 3], [208, 4, 92, 44, 11], [224, 4, 308, 196, 49], [240, 4, 1465, 1984, 496]]
[0, 0, 1470, 0, 2591]
[1, 5, 1676, 3310, 662]
[32, 4, 128, 64, 16]
[48, 4, 30, 12, 3]
[64, 4, 30, 12, 3]
[80, 4, 30, 12, 3]
[96, 4, 0, 0, 0]
[112, 4, 20, 8, 2]
[128, 4, 0, 0, 0]
[144, 4, 0, 0, 0]
[160, 4, 0, 0, 0]
[176, 4, 0, 4, 1]
[192, 4, 30, 12, 3]
[208, 4, 92, 44, 11]
[224, 4, 308, 196, 49]
[240, 4, 1465, 1984, 496]
COMPSTATS:  30720  (in_bits)  10937  (apack_bits)  0.35602213541666666  (comp_ratio)  2.8481770833333333  (bits_per_value)  5279  (symbol bits)  5658  (offset bits)  0.0032247179915430024  (search time) 
