INPUT FILE:  trace/mobilenet_v3_large/weight_50_flat.npy
ENCODED: 667492.812500
ENCODED: 667492.812500
4 0 56886 143820 35955 0.3344029017857143
4 16 42947 60916 15229 0.1416387648809524
4 32 16820 13456 3364 0.03128720238095238
4 48 3488 1744 436 0.004055059523809524
4 64 0 180 45 0.0004185267857142857
4 80 0 24 6 5.580357142857143e-05
4 96 0 8 2 1.8601190476190478e-05
4 112 0 4 1 9.300595238095239e-06
4 128 0 4 1 9.300595238095239e-06
4 144 0 20 5 4.650297619047619e-05
4 160 0 32 8 7.440476190476191e-05
4 176 550 220 55 0.0005115327380952381
4 192 3104 1552 388 0.0036086309523809526
4 208 15302 11788 2947 0.027408854166666666
4 224 41652 57204 14301 0.1330078125
4 240 56662 139108 34777 0.3234468005952381
[[0, 4, 56886, 143820, 35955], [16, 4, 42947, 60916, 15229], [32, 4, 16820, 13456, 3364], [48, 4, 3488, 1744, 436], [64, 4, 0, 180, 45], [80, 4, 0, 24, 6], [96, 4, 0, 8, 2], [112, 4, 0, 4, 1], [128, 4, 0, 4, 1], [144, 4, 0, 20, 5], [160, 4, 0, 32, 8], [176, 4, 550, 220, 55], [192, 4, 3104, 1552, 388], [208, 4, 15302, 11788, 2947], [224, 4, 41652, 57204, 14301], [240, 4, 56662, 139108, 34777]]
[0, 4, 56886, 143820, 35955]
[16, 4, 42947, 60916, 15229]
[32, 4, 16820, 13456, 3364]
[48, 4, 3488, 1744, 436]
[64, 4, 0, 180, 45]
[80, 4, 0, 24, 6]
[96, 4, 0, 8, 2]
[112, 4, 0, 4, 1]
[128, 4, 0, 4, 1]
[144, 4, 0, 20, 5]
[160, 4, 0, 32, 8]
[176, 4, 550, 220, 55]
[192, 4, 3104, 1552, 388]
[208, 4, 15302, 11788, 2947]
[224, 4, 41652, 57204, 14301]
[240, 4, 56662, 139108, 34777]
COMPSTATS:  860160  (in_bits)  667491  (apack_bits)  0.7760079520089286  (comp_ratio)  6.208063616071429  (bits_per_value)  237411  (symbol bits)  430080  (offset bits)  0.02993051300290972  (search time) 
