INPUT FILE:  trace/mobilenet_v3_large/weight_34_flat.npy
ENCODED: 10053.397461
ENCODED: 9831.295898
ENCODED: 9831.295898
ENCODED: 9831.295898
2 0 867 1034 517 0.31219806763285024
5 4 821 2020 404 0.24396135265700483
4 32 238 184 46 0.027777777777777776
4 48 111 68 17 0.010265700483091788
4 64 79 44 11 0.006642512077294686
4 80 0 0 0 0.0
4 96 0 0 0 0.0
4 112 0 0 0 0.0
4 128 10 4 1 0.0006038647342995169
4 144 20 8 2 0.0012077294685990338
4 160 20 8 2 0.0012077294685990338
4 176 48 24 6 0.0036231884057971015
4 192 117 72 18 0.010869565217391304
4 208 233 180 45 0.02717391304347826
4 224 410 408 102 0.06159420289855073
4 240 859 1940 485 0.2928743961352657
[[0, 2, 867, 1034, 517], [4, 5, 821, 2020, 404], [32, 4, 238, 184, 46], [48, 4, 111, 68, 17], [64, 4, 79, 44, 11], [80, 4, 0, 0, 0], [96, 4, 0, 0, 0], [112, 4, 0, 0, 0], [128, 4, 10, 4, 1], [144, 4, 20, 8, 2], [160, 4, 20, 8, 2], [176, 4, 48, 24, 6], [192, 4, 117, 72, 18], [208, 4, 233, 180, 45], [224, 4, 410, 408, 102], [240, 4, 859, 1940, 485]]
[0, 2, 867, 1034, 517]
[4, 5, 821, 2020, 404]
[32, 4, 238, 184, 46]
[48, 4, 111, 68, 17]
[64, 4, 79, 44, 11]
[80, 4, 0, 0, 0]
[96, 4, 0, 0, 0]
[112, 4, 0, 0, 0]
[128, 4, 10, 4, 1]
[144, 4, 20, 8, 2]
[160, 4, 20, 8, 2]
[176, 4, 48, 24, 6]
[192, 4, 117, 72, 18]
[208, 4, 233, 180, 45]
[224, 4, 410, 408, 102]
[240, 4, 859, 1940, 485]
COMPSTATS:  13248  (in_bits)  9827  (apack_bits)  0.741772342995169  (comp_ratio)  5.934178743961352  (bits_per_value)  3833  (symbol bits)  5994  (offset bits)  0.002514817999326624  (search time) 
