INPUT FILE:  trace/mobilenet_v3_large/weight_11_flat.npy
ENCODED: 8513.523438
ENCODED: 3142.277832
ENCODED: 3142.277832
ENCODED: 3142.277832
0 0 379 0 1439 0.8327546296296297
5 1 456 590 118 0.06828703703703703
4 32 208 152 38 0.02199074074074074
4 48 184 128 32 0.018518518518518517
4 64 117 72 18 0.010416666666666666
4 80 109 64 16 0.009259259259259259
4 96 48 24 6 0.003472222222222222
4 112 42 20 5 0.0028935185185185184
4 128 0 0 0 0.0
4 144 0 0 0 0.0
4 160 0 0 0 0.0
4 176 0 0 0 0.0
4 192 0 0 0 0.0
4 208 0 0 0 0.0
4 224 98 56 14 0.008101851851851851
4 240 224 168 42 0.024305555555555556
[[0, 0, 379, 0, 1439], [1, 5, 456, 590, 118], [32, 4, 208, 152, 38], [48, 4, 184, 128, 32], [64, 4, 117, 72, 18], [80, 4, 109, 64, 16], [96, 4, 48, 24, 6], [112, 4, 42, 20, 5], [128, 4, 0, 0, 0], [144, 4, 0, 0, 0], [160, 4, 0, 0, 0], [176, 4, 0, 0, 0], [192, 4, 0, 0, 0], [208, 4, 0, 0, 0], [224, 4, 98, 56, 14], [240, 4, 224, 168, 42]]
[0, 0, 379, 0, 1439]
[1, 5, 456, 590, 118]
[32, 4, 208, 152, 38]
[48, 4, 184, 128, 32]
[64, 4, 117, 72, 18]
[80, 4, 109, 64, 16]
[96, 4, 48, 24, 6]
[112, 4, 42, 20, 5]
[128, 4, 0, 0, 0]
[144, 4, 0, 0, 0]
[160, 4, 0, 0, 0]
[176, 4, 0, 0, 0]
[192, 4, 0, 0, 0]
[208, 4, 0, 0, 0]
[224, 4, 98, 56, 14]
[240, 4, 224, 168, 42]
COMPSTATS:  13824  (in_bits)  3139  (apack_bits)  0.22706886574074073  (comp_ratio)  1.8165509259259258  (bits_per_value)  1865  (symbol bits)  1274  (offset bits)  0.0028037809970555827  (search time) 
