INPUT FILE:  trace/mobilenet_v3_large/weight_30_flat.npy
ENCODED: 83258.953125
ENCODED: 82552.492188
3 0 7711 18831 6277 0.4264266304347826
5 8 5999 10900 2180 0.1480978260869565
4 32 1072 656 164 0.011141304347826087
4 48 448 224 56 0.0038043478260869567
4 64 100 40 10 0.0006793478260869565
4 80 80 32 8 0.0005434782608695652
4 96 0 8 2 0.0001358695652173913
4 112 0 12 3 0.00020380434782608695
4 128 0 4 1 6.793478260869565e-05
4 144 0 8 2 0.0001358695652173913
4 160 0 16 4 0.0002717391304347826
4 176 180 72 18 0.0012228260869565218
4 192 403 192 48 0.003260869565217391
4 208 1148 716 179 0.012160326086956521
4 224 2812 2460 615 0.041779891304347824
4 240 7812 20612 5153 0.35006793478260867
[[0, 3, 7711, 18831, 6277], [8, 5, 5999, 10900, 2180], [32, 4, 1072, 656, 164], [48, 4, 448, 224, 56], [64, 4, 100, 40, 10], [80, 4, 80, 32, 8], [96, 4, 0, 8, 2], [112, 4, 0, 12, 3], [128, 4, 0, 4, 1], [144, 4, 0, 8, 2], [160, 4, 0, 16, 4], [176, 4, 180, 72, 18], [192, 4, 403, 192, 48], [208, 4, 1148, 716, 179], [224, 4, 2812, 2460, 615], [240, 4, 7812, 20612, 5153]]
[0, 3, 7711, 18831, 6277]
[8, 5, 5999, 10900, 2180]
[32, 4, 1072, 656, 164]
[48, 4, 448, 224, 56]
[64, 4, 100, 40, 10]
[80, 4, 80, 32, 8]
[96, 4, 0, 8, 2]
[112, 4, 0, 12, 3]
[128, 4, 0, 4, 1]
[144, 4, 0, 8, 2]
[160, 4, 0, 16, 4]
[176, 4, 180, 72, 18]
[192, 4, 403, 192, 48]
[208, 4, 1148, 716, 179]
[224, 4, 2812, 2460, 615]
[240, 4, 7812, 20612, 5153]
COMPSTATS:  117760  (in_bits)  82548  (apack_bits)  0.7009850543478261  (comp_ratio)  5.607880434782609  (bits_per_value)  27765  (symbol bits)  54783  (offset bits)  0.004424508995725773  (search time) 
