INPUT FILE:  trace/mobilenet_v3_large/weight_36_flat.npy
ENCODED: 201756.546875
ENCODED: 194616.140625
ENCODED: 194616.140625
ENCODED: 194616.140625
3 0 19373 56355 18785 0.48919270833333334
5 8 11464 15965 3193 0.08315104166666666
4 32 729 324 81 0.002109375
4 48 200 80 20 0.0005208333333333333
4 64 0 12 3 7.8125e-05
4 80 0 12 3 7.8125e-05
4 96 0 0 0 0.0
4 112 0 0 0 0.0
4 128 0 0 0 0.0
4 144 0 8 2 5.208333333333334e-05
4 160 0 4 1 2.604166666666667e-05
4 176 0 32 8 0.00020833333333333335
4 192 0 68 17 0.0004427083333333333
4 208 819 364 91 0.0023697916666666667
4 224 3742 2532 633 0.016484375
4 240 20279 62252 15563 0.4052864583333333
[[0, 3, 19373, 56355, 18785], [8, 5, 11464, 15965, 3193], [32, 4, 729, 324, 81], [48, 4, 200, 80, 20], [64, 4, 0, 12, 3], [80, 4, 0, 12, 3], [96, 4, 0, 0, 0], [112, 4, 0, 0, 0], [128, 4, 0, 0, 0], [144, 4, 0, 8, 2], [160, 4, 0, 4, 1], [176, 4, 0, 32, 8], [192, 4, 0, 68, 17], [208, 4, 819, 364, 91], [224, 4, 3742, 2532, 633], [240, 4, 20279, 62252, 15563]]
[0, 3, 19373, 56355, 18785]
[8, 5, 11464, 15965, 3193]
[32, 4, 729, 324, 81]
[48, 4, 200, 80, 20]
[64, 4, 0, 12, 3]
[80, 4, 0, 12, 3]
[96, 4, 0, 0, 0]
[112, 4, 0, 0, 0]
[128, 4, 0, 0, 0]
[144, 4, 0, 8, 2]
[160, 4, 0, 4, 1]
[176, 4, 0, 32, 8]
[192, 4, 0, 68, 17]
[208, 4, 819, 364, 91]
[224, 4, 3742, 2532, 633]
[240, 4, 20279, 62252, 15563]
COMPSTATS:  307200  (in_bits)  194614  (apack_bits)  0.6335091145833334  (comp_ratio)  5.068072916666667  (bits_per_value)  56606  (symbol bits)  138008  (offset bits)  0.010052280995296314  (search time) 
